796,0.58,0.61,0.47,0.13,0.50,0.00,0.48,0.22,10
661,0.43,0.67,0.48,0.27,0.50,0.00,0.53,0.22,10
754,0.64,0.62,0.49,0.15,0.50,0.00,0.53,0.22,10
1243,0.58,0.44,0.57,0.13,0.50,0.00,0.54,0.22,5
456,0.42,0.44,0.48,0.54,0.50,0.00,0.48,0.22,10
1392,0.51,0.40,0.56,0.17,0.50,0.50,0.49,0.22,3
1066,0.50,0.54,0.48,0.65,0.50,0.00,0.53,0.22,10
1420,0.48,0.45,0.59,0.20,0.50,0.00,0.58,0.34,5
1280,0.55,0.50,0.66,0.36,0.50,0.00,0.49,0.22,10
1315,0.40,0.39,0.60,0.15,0.50,0.00,0.58,0.30,3
733,0.43,0.39,0.54,0.21,0.50,0.00,0.53,0.27,5
587,0.42,0.37,0.59,0.20,0.50,0.00,0.52,0.29,5
709,0.40,0.42,0.57,0.35,0.50,0.00,0.53,0.25,3
1177,0.60,0.40,0.52,0.46,0.50,0.00,0.53,0.22,10
1103,0.66,0.55,0.45,0.19,0.50,0.00,0.46,0.22,10
790,0.46,0.44,0.52,0.11,0.50,0.00,0.50,0.22,3
457,0.47,0.39,0.50,0.11,0.50,0.00,0.49,0.40,3
455,0.58,0.47,0.54,0.11,0.50,0.00,0.51,0.26,5
365,0.50,0.34,0.55,0.21,0.50,0.00,0.49,0.22,5
937,0.61,0.60,0.55,0.21,0.50,0.00,0.50,0.25,5
786,0.45,0.40,0.50,0.16,0.50,0.00,0.50,0.22,3
944,0.43,0.44,0.48,0.22,0.50,0.00,0.51,0.22,3
4,0.73,0.63,0.42,0.30,0.50,0.00,0.49,0.22,3
1167,0.43,0.53,0.52,0.13,0.50,0.00,0.55,0.22,3
1292,0.46,0.53,0.52,0.15,0.50,0.00,0.58,0.22,3
464,0.51,0.51,0.52,0.51,0.50,0.00,0.54,0.22,10
984,0.59,0.45,0.53,0.19,0.50,0.00,0.59,0.27,3
412,0.57,0.47,0.60,0.18,0.50,0.00,0.51,0.22,3
897,0.63,0.67,0.57,0.24,0.50,0.00,0.49,0.22,10
680,0.80,0.88,0.36,0.39,0.50,0.00,0.56,0.33,6
578,0.53,0.54,0.43,0.10,0.50,0.00,0.57,0.32,5
60,0.51,0.51,0.43,0.87,0.50,0.00,0.52,0.22,10
369,0.38,0.61,0.61,0.12,0.50,0.00,0.53,0.47,3
367,0.33,0.55,0.51,0.43,0.50,0.00,0.51,0.22,5
506,0.78,0.74,0.42,0.26,0.50,0.00,0.43,0.22,6
631,0.74,0.67,0.47,0.34,0.50,0.00,0.42,0.22,1
1089,0.72,0.61,0.45,0.30,0.50,0.00,0.54,0.25,10
570,0.40,0.45,0.57,0.18,0.50,0.00,0.56,0.26,3
1231,0.59,0.53,0.43,0.44,0.50,0.00,0.50,0.22,10
960,0.57,0.53,0.53,0.34,0.50,0.00,0.53,0.22,10
1382,0.86,0.68,0.39,0.24,0.50,0.00,0.54,0.22,8
1203,0.86,0.74,0.51,0.40,0.50,0.00,0.55,0.22,8
918,0.79,0.57,0.41,0.28,0.50,0.00,0.59,0.22,8
888,0.41,0.54,0.39,0.20,0.50,0.00,0.51,0.22,7
280,0.37,0.36,0.56,0.18,0.50,0.00,0.48,0.26,4
1294,0.53,0.31,0.58,0.39,0.50,0.00,0.47,0.37,5
1132,0.74,0.75,0.58,0.47,0.50,0.00,0.40,0.35,8
743,0.49,0.39,0.52,0.29,0.50,0.00,0.48,0.22,1
920,0.74,0.57,0.51,0.28,0.50,0.00,0.58,0.22,4
296,0.42,0.24,0.34,0.16,0.50,0.00,0.50,0.22,7
1113,0.48,0.39,0.51,0.21,0.50,0.00,0.52,0.28,3
787,0.41,0.53,0.45,0.14,0.50,0.00,0.52,0.66,7
620,0.45,0.46,0.55,0.43,0.50,0.00,0.55,0.38,5
1274,0.56,0.48,0.58,0.27,0.50,0.00,0.51,0.22,3
1227,0.64,0.59,0.56,0.23,0.50,0.00,0.46,0.22,3
977,0.64,0.56,0.56,0.22,0.50,0.00,0.45,0.22,3
363,0.66,0.62,0.49,0.10,0.50,0.00,0.49,0.22,3
31,0.53,0.44,0.51,0.33,0.50,0.00,0.55,0.22,3
291,0.38,0.49,0.53,0.19,0.50,0.00,0.50,0.22,3
401,0.45,0.58,0.48,0.67,0.50,0.00,0.52,0.22,10
1424,0.43,0.35,0.52,0.52,0.50,0.00,0.54,0.22,10
1150,0.37,0.32,0.47,0.18,0.50,0.00,0.45,0.25,5
1310,0.48,0.43,0.51,0.32,0.50,0.00,0.52,0.43,5
252,0.41,0.46,0.59,0.19,0.50,0.00,0.58,0.27,5
504,0.54,0.48,0.44,0.08,0.50,0.00,0.52,0.27,3
66,0.60,0.47,0.45,0.22,0.50,0.00,0.51,0.29,3
275,0.34,0.46,0.57,0.09,0.50,0.00,0.55,0.22,3
1399,0.48,0.54,0.55,0.12,0.50,0.00,0.51,0.22,3
825,0.47,0.39,0.59,0.15,0.50,0.00,0.57,0.22,3
707,0.81,0.85,0.47,0.37,0.50,0.00,0.56,0.22,1
321,0.48,0.42,0.52,0.24,0.50,0.00,0.56,0.22,3
1438,0.58,0.51,0.49,0.27,0.50,0.00,0.57,0.29,3
549,0.60,0.50,0.44,0.61,0.50,0.00,0.47,0.22,10
996,0.45,0.55,0.54,0.66,0.50,0.00,0.47,0.22,10
1244,0.46,0.49,0.58,0.23,0.50,0.00,0.44,0.22,10
503,0.49,0.42,0.56,0.55,0.50,0.00,0.42,0.25,10
956,0.63,0.53,0.54,0.40,0.50,0.00,0.50,0.22,10
442,0.50,0.54,0.53,0.54,0.50,0.00,0.51,0.27,10
704,0.63,0.57,0.59,0.40,0.50,0.00,0.38,0.22,10
1061,0.43,0.57,0.51,0.49,0.50,0.00,0.48,0.22,10
399,0.48,0.45,0.55,0.50,0.50,0.00,0.53,0.22,10
52,0.50,0.58,0.46,0.46,0.50,0.00,0.46,0.22,10
1122,0.51,0.54,0.60,0.57,0.50,0.00,0.58,0.22,10
1,0.54,0.52,0.63,0.37,0.50,0.00,0.46,0.22,10
1006,0.67,0.62,0.40,0.43,0.50,0.83,0.50,0.22,10
25,0.28,0.58,0.21,0.13,0.50,0.00,0.51,0.22,7
3,0.39,0.44,0.35,0.16,0.50,0.00,0.55,0.22,7
314,0.80,0.63,0.45,0.29,0.50,0.00,0.51,0.22,1
788,0.50,0.52,0.59,0.30,0.50,0.00,0.51,0.35,5
1444,0.42,0.47,0.52,0.41,0.50,0.00,0.53,0.32,3
1373,0.36,0.46,0.62,0.46,0.50,0.00,0.51,0.33,3
532,0.46,0.38,0.47,0.22,0.50,0.00,0.52,0.27,10
626,0.40,0.45,0.56,0.20,0.50,0.00,0.45,0.22,3
670,0.33,0.43,0.64,0.16,0.50,0.00,0.52,0.52,5
911,0.49,0.61,0.49,0.25,0.50,0.00,0.50,0.28,3
1014,0.38,0.50,0.37,0.26,0.50,0.00,0.43,0.22,7
968,0.69,0.70,0.52,0.36,0.50,0.00,0.46,0.22,1
346,0.61,0.72,0.39,0.33,0.50,0.00,0.58,0.22,10
174,0.78,0.75,0.40,0.28,0.50,0.00,0.53,0.22,10
935,0.64,0.57,0.57,0.27,0.50,0.00,0.37,0.22,3
593,0.36,0.58,0.35,0.24,0.50,0.00,0.44,0.22,7
585,0.36,0.43,0.39,0.12,0.50,0.00,0.49,0.22,7
1270,0.47,0.52,0.50,0.40,0.50,0.00,0.41,0.22,3
951,0.48,0.23,0.57,0.27,0.50,0.00,0.48,0.47,5
1275,0.47,0.39,0.55,0.24,0.50,0.00,0.47,0.22,3
582,0.44,0.59,0.36,0.16,0.50,0.00,0.52,0.22,7
1247,0.42,0.35,0.54,0.18,0.50,0.00,0.56,0.22,3
1190,0.30,0.56,0.55,0.18,0.50,0.00,0.50,0.22,3
866,0.65,0.65,0.52,0.16,0.50,0.00,0.60,0.22,3
1427,0.27,0.60,0.48,0.23,0.50,0.00,0.55,0.22,3
61,0.45,0.41,0.50,0.46,0.50,0.50,0.50,0.27,2
687,0.44,0.52,0.41,0.23,0.50,0.00,0.51,0.22,5
859,0.30,0.32,0.57,0.19,0.50,0.00,0.48,0.55,5
391,0.40,0.44,0.49,0.47,0.50,0.00,0.49,0.27,5
556,0.45,0.51,0.50,0.16,0.50,0.00,0.52,1.00,5
1265,0.45,0.45,0.50,0.60,0.50,0.00,0.49,0.22,10
607,0.59,0.67,0.56,0.41,0.50,0.00,0.47,0.22,10
362,0.47,0.47,0.57,0.48,0.50,0.00,0.48,0.22,10
226,0.35,0.52,0.48,0.22,0.50,0.00,0.26,0.22,10
1090,0.47,0.41,0.66,0.26,0.50,0.00,0.53,0.22,10
1182,0.64,0.62,0.29,0.28,0.50,0.00,0.51,0.22,10
829,0.55,0.53,0.55,0.46,0.50,0.00,0.52,0.22,10
637,0.67,0.62,0.54,0.43,0.50,0.00,0.53,0.22,10
384,0.59,0.60,0.49,0.43,0.50,0.00,0.53,0.31,10
21,0.54,0.55,0.34,0.31,0.50,0.00,0.54,0.22,7
1311,0.58,0.62,0.54,0.17,0.50,0.00,0.48,0.22,10
619,0.40,0.38,0.53,0.16,0.50,0.00,0.52,0.27,5
155,0.46,0.71,0.48,0.53,0.50,0.00,0.53,0.22,10
646,0.53,0.51,0.55,0.05,0.50,0.00,0.45,0.25,5
810,0.41,0.40,0.59,0.47,0.50,0.00,0.48,0.43,3
1304,0.50,0.64,0.57,0.15,0.50,0.00,0.47,0.22,3
691,0.40,0.62,0.52,0.31,0.50,0.00,0.49,0.31,3
59,0.60,0.50,0.57,0.25,0.50,0.00,0.41,0.26,3
1302,0.62,0.51,0.52,0.42,0.50,0.00,0.54,0.27,5
53,0.35,0.58,0.54,0.16,0.50,0.00,0.51,0.22,5
638,0.34,0.54,0.50,0.21,0.50,0.00,0.54,0.31,3
887,0.39,0.58,0.50,0.26,0.50,0.00,0.54,0.59,7
1295,0.48,0.54,0.50,0.17,0.50,0.00,0.53,0.22,5
1216,0.29,0.32,0.58,0.15,0.50,0.00,0.50,0.30,3
320,0.47,0.32,0.64,0.30,0.50,0.00,0.63,0.22,5
801,0.39,0.47,0.56,0.16,0.50,0.00,0.47,0.22,3
870,0.58,0.48,0.51,0.47,0.50,0.00,0.55,0.22,5
298,0.64,0.60,0.57,0.19,0.50,0.00,0.43,0.22,5
1398,0.37,0.46,0.40,0.27,0.50,0.00,0.45,0.22,5
1032,0.43,0.57,0.53,0.16,0.50,0.00,0.54,0.22,3
1341,0.28,0.37,0.61,0.09,0.50,0.00,0.52,0.55,5
818,0.59,0.48,0.50,0.14,0.50,0.00,0.45,0.25,3
658,0.39,0.55,0.48,0.31,0.50,0.00,0.54,0.29,3
1072,0.26,0.36,0.47,0.34,0.50,0.00,0.53,0.72,5
481,0.51,0.34,0.50,0.19,0.50,0.00,0.50,0.22,5
361,0.58,0.50,0.50,0.12,0.50,0.00,0.48,0.25,5
851,0.44,0.39,0.53,0.14,0.50,0.00,0.54,0.44,3
1428,0.41,0.39,0.44,0.34,0.50,0.00,0.48,0.40,5
1414,0.45,0.43,0.51,0.24,0.50,0.00,0.54,0.33,3
1087,0.36,0.68,0.46,0.16,0.50,0.00,0.53,0.28,5
1080,0.42,0.31,0.50,0.15,0.50,0.00,0.53,0.22,5
940,0.42,0.43,0.56,0.10,0.50,0.00,0.49,0.22,3
118,0.67,0.71,0.52,0.65,0.50,0.00,0.53,0.36,5
625,0.49,0.47,0.53,0.16,0.50,0.00,0.48,0.27,5
263,0.71,0.59,0.48,0.43,0.50,0.00,0.59,0.22,10
337,0.40,0.42,0.71,0.21,0.50,0.00,0.54,0.32,3
337,0.40,0.42,0.71,0.21,0.50,0.00,0.54,0.32,3
1146,0.54,0.49,0.49,0.20,0.50,0.00,0.52,0.22,3
730,0.42,0.51,0.50,0.12,0.50,0.00,0.52,0.46,5
514,0.57,0.51,0.53,0.18,0.50,0.00,0.56,0.25,5
652,0.35,0.45,0.43,0.11,0.50,0.00,0.56,0.22,7
490,0.42,0.42,0.42,0.20,0.50,0.00,0.49,0.22,7
96,0.26,0.50,0.33,0.28,0.50,0.00,0.51,0.22,7
878,0.39,0.42,0.38,0.40,0.50,0.00,0.49,0.47,7
130,0.26,0.44,0.30,0.11,0.50,0.00,0.51,0.47,7
18,0.31,0.44,0.53,0.23,0.50,0.00,0.51,0.32,5
633,0.48,0.61,0.44,0.20,0.50,0.00,0.47,0.22,3
84,0.66,0.45,0.50,0.23,0.50,0.00,0.49,0.22,3
200,0.21,0.41,0.55,0.11,0.50,0.00,0.50,0.27,3
1033,0.38,0.68,0.44,0.45,0.50,0.00,0.53,0.22,10
1102,0.44,0.38,0.48,0.32,0.50,0.83,0.53,0.22,2
618,0.31,0.31,0.56,0.33,0.50,0.00,0.52,0.33,5
579,0.49,0.31,0.49,0.35,0.50,0.00,0.51,0.29,5
904,0.38,0.37,0.56,0.21,0.50,0.00,0.49,0.22,5
882,0.39,0.40,0.53,0.67,0.50,0.00,0.47,0.22,3
784,0.24,0.34,0.69,0.18,0.50,0.00,0.52,0.22,3
1441,0.49,0.43,0.51,0.13,0.50,0.00,0.47,0.22,3
609,0.54,0.38,0.52,0.18,0.50,0.00,0.48,0.22,3
445,0.43,0.57,0.53,0.53,0.50,0.00,0.53,0.25,3
374,0.48,0.64,0.61,0.23,0.50,0.00,0.60,0.22,3
1445,0.31,0.55,0.52,0.17,0.50,0.00,0.52,0.22,3
1117,0.32,0.57,0.50,0.15,0.50,0.00,0.53,0.22,3
954,0.32,0.42,0.52,0.24,0.50,0.00,0.60,0.22,3
1214,0.59,0.50,0.52,0.28,0.50,0.00,0.55,0.25,3
259,0.37,0.42,0.51,0.11,0.50,0.00,0.57,0.22,3
23,0.75,0.70,0.38,0.27,0.50,0.00,0.49,0.22,6
47,0.61,0.72,0.31,0.33,0.50,0.00,0.56,0.22,10
701,0.44,0.42,0.60,0.21,0.50,0.00,0.57,0.22,3
703,0.52,0.51,0.51,0.54,0.50,0.00,0.55,0.27,10
1099,0.63,0.56,0.45,0.58,0.50,0.00,0.51,0.22,10
689,0.52,0.56,0.54,0.53,0.50,0.00,0.45,0.22,10
1299,0.58,0.58,0.58,0.49,0.50,0.00,0.49,0.26,10
1075,0.72,0.62,0.34,0.29,0.50,0.00,0.56,0.28,10
737,0.72,0.61,0.37,0.30,0.50,0.00,0.57,0.22,10
176,0.46,0.43,0.38,0.33,0.50,0.00,0.48,0.28,10
833,0.57,0.57,0.44,0.37,0.50,0.00,0.52,0.25,10
1208,0.42,0.31,0.62,0.12,0.50,0.00,0.40,0.22,10
1170,0.49,0.46,0.45,0.45,0.50,0.00,0.52,0.22,10
403,0.42,0.58,0.41,0.65,0.50,0.00,0.46,0.26,10
422,0.59,0.61,0.34,0.22,0.50,0.00,0.51,0.22,10
1372,0.52,0.77,0.38,0.34,0.50,0.00,0.51,0.22,10
1228,0.50,0.52,0.60,0.51,0.50,0.00,0.48,0.22,10
1343,0.49,0.60,0.43,0.56,0.50,0.00,0.36,0.22,10
974,0.50,0.41,0.44,0.50,0.50,0.00,0.42,0.22,10
152,0.50,0.40,0.56,0.70,0.50,0.00,0.50,0.22,10
824,0.37,0.58,0.44,0.51,0.50,0.00,0.44,0.22,10
597,0.55,0.45,0.45,0.54,0.50,0.00,0.50,0.22,10
249,0.67,0.68,0.46,0.29,0.50,0.00,0.46,0.22,10
677,0.53,0.51,0.46,0.28,0.50,0.00,0.48,0.22,3
310,0.35,0.66,0.49,0.21,0.50,0.00,0.54,0.25,3
741,0.52,0.40,0.60,0.12,0.50,0.00,0.55,0.22,3
430,0.77,0.79,0.58,0.23,0.50,0.00,0.48,0.22,1
265,0.47,0.46,0.59,0.49,0.50,0.00,0.56,0.22,10
1086,0.73,0.83,0.43,0.30,0.50,0.00,0.55,0.22,6
63,0.78,0.74,0.58,0.25,1.00,0.00,0.53,0.22,9
260,0.70,0.65,0.54,0.28,0.50,0.00,0.60,0.40,4
1120,0.47,0.54,0.37,0.14,0.50,0.00,0.50,0.22,7
632,0.56,0.52,0.48,0.17,0.50,0.00,0.46,0.22,5
740,0.57,0.41,0.59,0.24,0.50,0.00,0.40,0.22,3
351,0.56,0.41,0.58,0.21,0.50,0.00,0.42,0.22,3
473,0.58,0.56,0.45,0.12,0.50,0.00,0.51,0.22,5
814,0.53,0.38,0.66,0.25,0.50,0.00,0.43,0.22,5
373,0.34,0.36,0.54,0.11,0.50,0.00,0.36,0.21,5
780,0.69,0.61,0.38,0.27,0.50,0.00,0.52,0.22,8
761,0.37,0.53,0.60,0.19,0.50,0.50,0.42,0.22,2
89,0.41,0.45,0.53,0.17,0.50,0.00,0.51,0.25,5
1283,0.31,0.46,0.54,0.52,0.50,0.00,0.50,0.34,5
1381,0.36,0.37,0.33,0.14,0.50,0.00,0.57,0.31,7
728,0.82,0.78,0.49,0.23,0.50,0.00,0.46,0.22,1
1371,0.82,0.75,0.54,0.23,0.50,0.00,0.46,0.22,1
538,0.41,0.51,0.58,0.15,0.50,0.00,0.45,0.27,3
1144,0.38,0.51,0.75,0.17,0.50,0.00,0.55,0.22,3
1144,0.38,0.51,0.75,0.17,0.50,0.00,0.55,0.22,3
98,0.53,0.44,0.51,0.33,0.50,0.00,0.52,0.22,10
1218,0.46,0.54,0.71,0.15,0.50,0.00,0.59,0.22,10
398,0.40,0.56,0.48,0.14,0.50,0.00,0.47,0.22,10
1259,0.53,0.53,0.60,0.13,0.50,0.00,0.49,0.22,10
991,0.42,0.57,0.72,0.22,0.50,0.00,0.57,0.22,10
497,0.45,0.27,0.57,0.36,0.50,0.00,0.52,0.18,3
533,0.20,0.26,0.52,0.14,0.50,0.00,0.53,0.44,3
599,0.51,0.53,0.55,0.14,0.50,0.00,0.51,0.22,3
142,0.44,0.68,0.45,0.51,0.50,0.00,0.52,0.41,10
544,0.27,0.39,0.66,0.11,0.50,0.00,0.44,0.22,10
679,0.55,0.42,0.34,0.30,0.50,0.00,0.52,0.22,7
693,0.34,0.42,0.30,0.23,0.50,0.00,0.53,0.22,7
1432,0.44,0.53,0.52,0.23,0.50,0.83,0.51,0.22,2
554,0.59,0.58,0.56,0.21,0.50,0.00,0.54,0.33,5
162,0.39,0.28,0.46,0.12,0.50,0.00,0.41,0.22,5
747,0.56,0.43,0.54,0.16,0.50,0.00,0.50,0.22,5
1163,0.36,0.68,0.38,0.08,0.50,0.00,0.53,0.25,4
669,0.27,0.36,0.60,0.33,0.50,0.00,0.37,0.31,5
812,0.35,0.40,0.59,0.22,0.50,0.00,0.47,0.37,5
1154,0.42,0.32,0.50,0.21,0.50,0.00,0.51,0.22,5
789,0.23,0.20,0.53,0.20,0.50,0.00,0.44,0.22,5
266,0.55,0.54,0.56,0.22,0.50,0.00,0.50,0.37,5
379,0.36,0.24,0.49,0.16,0.50,0.00,0.51,0.22,5
1345,0.38,0.48,0.59,0.22,0.50,0.00,0.46,0.22,3
811,0.80,0.46,0.50,0.15,0.50,0.00,0.53,0.22,3
354,0.60,0.56,0.47,0.20,0.50,0.00,0.50,0.38,5
404,0.41,0.24,0.54,0.26,0.50,0.00,0.41,0.22,5
262,0.47,0.65,0.54,0.62,0.50,0.00,0.53,0.36,10
1077,0.43,0.39,0.54,0.14,0.50,0.00,0.47,0.22,5
1418,0.50,0.51,0.52,0.09,0.50,0.00,0.48,0.25,5
394,0.53,0.61,0.52,0.21,0.50,0.00,0.55,0.30,5
936,0.54,0.42,0.41,0.16,0.50,0.00,0.52,0.22,8
54,0.46,0.35,0.53,0.16,0.50,0.00,0.51,0.29,3
295,0.46,0.43,0.49,0.79,0.50,0.00,0.49,0.63,5
989,0.51,0.55,0.35,0.16,0.50,0.00,0.51,0.47,7
449,0.56,0.52,0.55,0.19,0.50,0.00,0.54,0.22,3
1419,0.61,0.30,0.59,0.12,0.50,0.00,0.49,0.27,5
511,0.37,0.53,0.46,0.23,0.50,0.00,0.47,0.22,5
710,0.83,0.58,0.33,0.04,0.50,0.00,0.53,0.22,8
655,0.39,0.45,0.53,0.18,0.50,0.00,0.54,0.22,3
1148,0.52,0.54,0.50,0.21,0.50,0.00,0.48,0.30,3
834,0.35,0.39,0.57,0.11,0.50,0.00,0.48,0.22,5
1407,0.36,0.49,0.30,0.22,0.50,0.00,0.52,0.31,7
180,0.78,0.70,0.32,0.23,0.50,0.00,0.53,0.22,6
530,0.55,0.46,0.53,0.11,0.50,0.00,0.52,0.48,3
561,0.45,0.56,0.54,0.32,0.50,0.00,0.57,0.22,3
402,0.45,0.56,0.53,0.32,0.50,0.00,0.57,0.22,3
1400,0.29,0.43,0.40,0.15,0.50,0.00,0.53,0.22,7
277,0.52,0.75,0.37,0.14,0.50,0.00,0.46,0.22,7
50,0.71,0.56,0.39,0.27,0.50,0.00,0.52,0.22,8
722,0.58,0.60,0.43,0.12,0.50,0.00,0.55,0.22,7
491,0.54,0.65,0.49,0.34,0.50,0.00,0.52,0.22,3
112,0.57,0.59,0.44,0.16,0.50,0.00,0.52,0.22,8
5,0.59,0.58,0.46,0.19,0.50,0.00,0.56,0.27,3
1046,0.92,0.61,0.40,0.22,0.50,0.00,0.54,0.22,8
466,0.55,0.56,0.45,0.14,0.50,0.00,0.54,0.22,3
212,0.63,0.61,0.41,0.22,0.50,0.00,0.51,0.22,7
348,0.58,0.53,0.38,0.18,0.50,0.00,0.52,0.22,7
869,0.36,0.46,0.43,0.19,0.50,0.00,0.48,0.22,7
453,0.32,0.47,0.55,0.12,0.50,0.00,0.52,0.22,3
880,0.34,0.38,0.45,0.19,0.50,0.00,0.51,0.22,8
65,0.62,0.58,0.46,0.13,0.50,0.00,0.53,0.22,3
1017,0.53,0.68,0.42,0.19,0.50,0.00,0.53,0.22,7
771,0.73,0.55,0.41,0.16,0.50,0.00,0.46,0.22,8
1314,0.55,0.46,0.46,0.31,0.50,0.00,0.58,0.48,5
798,0.35,0.60,0.47,0.13,0.50,0.00,0.52,0.43,5
584,0.77,0.80,0.51,0.40,1.00,0.00,0.54,0.22,9
435,0.77,0.87,0.47,0.37,0.50,0.00,0.48,0.22,1
106,0.35,0.46,0.49,0.15,1.00,0.00,0.55,0.35,3
1296,0.43,0.51,0.48,0.14,0.50,0.00,0.50,0.22,3
132,0.57,0.61,0.45,0.26,0.50,0.00,0.50,0.22,3
355,0.63,0.62,0.42,0.12,0.50,0.00,0.52,0.25,3
958,0.25,0.40,0.51,0.18,0.50,0.00,0.50,0.27,3
1096,0.56,0.62,0.53,0.24,0.50,0.00,0.57,0.22,3
678,0.58,0.60,0.51,0.24,0.50,0.00,0.53,0.22,3
109,0.71,0.59,0.53,0.15,0.50,0.00,0.49,0.33,3
264,0.46,0.35,0.33,0.17,0.50,0.00,0.55,0.22,7
317,0.54,0.55,0.42,0.22,0.50,0.00,0.48,0.22,7
1226,0.39,0.44,0.28,0.12,0.50,0.00,0.46,0.27,7
808,0.33,0.44,0.49,0.08,0.50,0.00,0.48,0.49,5
1305,0.81,0.82,0.41,0.36,0.50,0.00,0.39,0.22,1
74,0.69,0.60,0.51,0.13,0.50,0.83,0.52,0.22,2
717,0.46,0.48,0.44,0.21,0.50,0.00,0.55,0.22,2
982,0.35,0.36,0.57,0.17,0.50,0.00,0.52,0.22,3
923,0.74,0.72,0.47,0.25,0.50,0.00,0.57,0.22,6
244,0.54,0.57,0.52,0.19,0.50,0.00,0.59,0.67,5
830,0.42,0.52,0.40,0.17,0.50,0.00,0.50,0.26,7
1230,0.91,0.77,0.34,0.47,0.50,0.00,0.52,0.31,6
22,0.81,0.90,0.39,0.41,0.50,0.00,0.53,0.22,8
617,0.45,0.40,0.56,0.14,0.50,0.00,0.54,0.22,3
662,0.47,0.47,0.58,0.16,0.50,0.00,0.49,0.28,3
1307,0.41,0.39,0.51,0.52,0.50,0.00,0.49,0.22,3
141,0.37,0.34,0.32,0.22,0.50,0.00,0.56,0.22,7
88,0.69,0.60,0.50,0.31,0.50,0.00,0.55,0.22,3
16,0.35,0.56,0.36,0.30,0.50,0.00,0.53,0.25,7
581,0.84,0.66,0.36,0.78,0.50,0.00,0.49,0.50,6
51,0.51,0.58,0.54,0.29,0.50,0.00,0.53,0.22,3
1215,0.37,0.43,0.62,0.27,0.50,0.00,0.48,0.22,5
147,0.55,0.66,0.57,0.32,0.50,0.00,0.57,0.34,3
420,0.48,0.35,0.42,0.21,0.50,0.00,0.57,0.22,3
604,0.62,0.58,0.52,0.15,0.50,0.00,0.52,0.29,3
146,0.56,0.59,0.53,0.16,0.50,0.00,0.24,0.42,5
1068,0.44,0.51,0.37,0.15,0.50,0.00,0.51,0.22,7
714,0.44,0.44,0.49,0.15,0.50,0.00,0.46,0.27,5
48,0.50,0.50,0.48,0.17,0.50,0.00,0.47,0.26,3
1155,0.60,0.60,0.49,0.30,0.50,0.00,0.53,0.22,5
376,0.49,0.46,0.34,0.21,0.50,0.00,0.55,0.22,7
910,0.35,0.68,0.57,0.40,0.50,0.00,0.53,0.36,5
1184,0.70,0.69,0.43,0.33,0.50,0.00,0.58,0.22,6
210,0.23,0.30,0.58,0.22,0.50,0.00,0.48,0.27,5
1238,0.45,0.42,0.52,0.20,0.50,0.00,0.50,0.25,3
439,0.51,0.35,0.46,0.15,0.50,0.00,0.51,0.42,3
1018,0.42,0.39,0.47,0.13,0.50,0.00,0.50,0.27,3
268,0.32,0.38,0.52,0.20,0.50,0.00,0.52,0.28,3
1439,0.59,0.65,0.52,0.30,0.50,0.00,0.46,0.31,3
894,0.41,0.52,0.41,0.11,0.50,0.00,0.54,0.35,3
755,0.37,0.33,0.50,0.12,0.50,0.00,0.51,0.54,3
487,0.45,0.56,0.49,0.17,0.50,0.00,0.52,0.22,3
1293,0.56,0.54,0.59,0.14,0.50,0.00,0.52,0.27,5
1279,0.31,0.31,0.54,0.18,0.50,0.00,0.52,0.29,5
347,0.27,0.51,0.47,0.35,0.50,0.00,0.49,0.28,5
1127,0.54,0.56,0.57,0.18,0.50,0.00,0.45,0.25,5
389,0.17,0.38,0.45,0.09,0.50,0.00,0.54,0.27,5
229,0.43,0.51,0.54,0.15,0.50,0.00,0.45,0.26,5
1027,0.60,0.40,0.59,0.18,0.50,0.00,0.48,0.22,3
80,0.91,0.69,0.57,0.45,0.50,0.00,0.56,0.22,8
489,0.38,0.47,0.53,0.12,0.50,0.00,0.48,0.22,3
575,0.59,0.43,0.52,0.19,0.50,0.00,0.55,0.27,3
14,0.64,0.53,0.45,0.13,0.50,0.00,0.53,0.22,3
588,0.49,0.31,0.34,0.13,0.50,0.00,0.52,0.22,7
1390,0.52,0.51,0.51,0.12,0.50,0.00,0.51,0.40,3
749,0.49,0.43,0.48,0.15,0.50,0.00,0.55,0.25,3
312,0.49,0.47,0.52,0.16,0.50,0.00,0.53,0.28,3
664,0.48,0.39,0.49,0.18,0.50,0.00,0.51,0.22,3
1363,0.44,0.34,0.55,0.18,0.50,0.00,0.52,0.22,3
794,0.43,0.54,0.58,0.16,0.50,0.00,0.50,0.36,5
671,0.49,0.42,0.54,0.17,0.50,0.00,0.50,0.36,3
732,0.34,0.66,0.51,0.16,0.50,0.00,0.47,0.33,5
107,0.20,0.34,0.33,0.10,0.50,0.00,0.48,0.31,7
1101,0.74,0.53,0.50,0.08,0.50,0.00,0.55,0.31,3
1347,0.69,0.48,0.38,0.15,0.50,0.00,0.55,0.22,8
1185,0.30,0.50,0.47,0.11,0.50,0.00,0.46,0.22,3
1211,0.44,0.51,0.48,0.38,0.50,0.00,0.52,0.22,3
460,0.31,0.45,0.50,0.17,0.50,0.00,0.49,0.22,3
893,0.55,0.41,0.56,0.21,0.50,0.00,0.52,0.22,3
349,0.40,0.34,0.52,0.17,0.50,0.00,0.47,0.51,5
526,0.40,0.48,0.50,0.17,0.50,0.00,0.54,0.50,3
1436,0.58,0.48,0.56,0.10,0.50,0.00,0.46,0.25,5
641,0.58,0.48,0.56,0.12,0.50,0.00,0.46,0.25,5
988,0.58,0.45,0.48,0.24,0.50,0.00,0.52,0.37,3
1325,0.58,0.41,0.51,0.26,0.50,0.00,0.51,0.37,3
1337,0.41,0.60,0.53,0.29,0.50,0.00,0.47,0.43,5
1212,0.69,0.50,0.49,0.42,0.50,0.00,0.49,0.22,10
143,0.38,0.49,0.61,0.13,0.50,0.00,0.54,0.22,3
705,0.60,0.48,0.44,0.52,0.50,0.00,0.54,0.63,5
1284,0.47,0.49,0.63,0.17,0.50,0.00,0.31,0.26,5
1107,0.28,0.51,0.55,0.11,0.50,0.00,0.46,0.22,5
125,0.56,0.57,0.63,0.39,1.00,0.00,0.59,0.40,5
508,0.21,0.38,0.49,0.16,0.50,0.00,0.51,0.45,3
543,0.46,0.57,0.57,0.15,0.50,0.00,0.52,0.26,5
311,0.43,0.42,0.54,0.22,0.50,0.00,0.57,0.33,5
850,0.57,0.59,0.50,0.58,0.50,0.00,0.53,0.22,10
202,0.48,0.34,0.47,0.14,0.50,0.00,0.47,0.26,3
7,0.35,0.40,0.53,0.18,0.50,0.00,0.42,0.38,3
611,0.47,0.45,0.53,0.62,0.50,0.00,0.46,0.22,10
35,0.53,0.43,0.47,0.15,0.50,0.00,0.58,0.22,3
640,0.46,0.45,0.56,0.16,0.50,0.00,0.56,0.22,3
1421,0.44,0.42,0.62,0.14,0.50,0.00,0.55,0.37,5
1250,0.37,0.34,0.58,0.24,0.50,0.00,0.44,0.18,5
1250,0.37,0.34,0.58,0.24,0.50,0.00,0.44,0.18,5
452,0.39,0.39,0.55,0.52,0.50,0.00,0.37,0.16,5
452,0.39,0.39,0.55,0.52,0.50,0.00,0.37,0.16,5
917,0.48,0.46,0.38,0.29,0.50,0.00,0.53,0.22,7
1159,0.48,0.57,0.50,0.09,0.50,0.00,0.52,0.42,5
756,0.61,0.57,0.45,0.21,0.50,0.00,0.50,0.42,5
154,0.56,0.44,0.56,0.19,0.50,0.00,0.54,0.22,3
1365,0.51,0.63,0.30,0.35,0.50,0.00,0.53,0.27,7
224,0.53,0.68,0.34,0.42,0.50,0.00,0.54,0.27,7
826,0.37,0.22,0.64,0.35,0.50,0.00,0.47,0.22,5
981,0.51,0.48,0.58,0.22,0.50,0.00,0.50,0.28,5
713,0.49,0.37,0.59,0.17,0.50,0.00,0.51,0.22,5
981,0.51,0.48,0.58,0.22,0.50,0.00,0.50,0.28,5
429,0.53,0.53,0.53,0.17,0.50,0.00,0.49,0.37,5
1200,0.29,0.68,0.47,0.26,0.50,0.00,0.47,0.37,5
1026,0.50,0.45,0.49,0.15,0.50,0.00,0.55,0.43,5
684,0.33,0.28,0.31,0.24,0.50,0.00,0.53,0.22,7
1135,0.85,0.85,0.30,0.31,0.50,0.00,0.55,0.42,6
567,0.43,0.39,0.51,0.28,0.50,0.00,0.40,0.22,5
129,0.61,0.54,0.49,0.16,0.50,0.00,0.54,0.42,3
725,0.34,0.35,0.61,0.19,0.50,0.00,0.52,0.25,5
485,0.55,0.53,0.56,0.29,0.50,0.00,0.48,0.22,10
541,0.66,0.62,0.52,0.17,0.50,0.00,0.49,0.22,3
1241,0.44,0.41,0.58,0.20,0.50,0.00,0.57,0.25,3
1058,0.37,0.62,0.34,0.25,0.50,0.00,0.51,0.22,7
721,0.45,0.56,0.51,0.64,0.50,0.00,0.54,0.22,10
446,0.38,0.46,0.52,0.75,0.50,0.00,0.50,0.26,10
1394,0.61,0.54,0.49,0.19,0.50,0.00,0.54,0.47,3
209,0.44,0.53,0.52,0.37,0.50,0.00,0.50,0.22,5
715,0.44,0.53,0.52,0.37,0.50,0.00,0.50,0.22,5
326,0.32,0.34,0.61,0.17,0.50,0.00,0.52,0.32,5
205,0.34,0.34,0.61,0.18,0.50,0.00,0.52,0.32,5
235,0.51,0.68,0.49,0.59,0.50,0.00,0.54,0.27,10
1324,0.41,0.30,0.49,0.28,0.50,0.00,0.54,0.22,3
498,0.41,0.43,0.50,0.28,0.50,0.00,0.50,0.22,3
916,0.30,0.50,0.34,0.26,0.50,0.00,0.51,0.22,7
1376,0.49,0.40,0.34,0.26,0.50,0.00,0.50,0.22,7
908,0.34,0.40,0.30,0.23,0.50,0.00,0.51,0.22,7
364,0.43,0.44,0.30,0.18,0.50,0.00,0.51,0.22,7
1386,0.43,0.45,0.37,0.12,0.50,0.00,0.48,0.22,7
816,0.45,0.57,0.30,0.17,0.50,0.00,0.51,0.22,7
470,0.45,0.57,0.30,0.17,0.50,0.00,0.51,0.22,7
408,0.42,0.44,0.33,0.17,0.50,0.00,0.54,0.27,7
1073,0.52,0.50,0.53,0.10,0.50,0.00,0.48,0.22,2
815,0.53,0.56,0.49,0.46,0.50,0.00,0.52,0.22,10
371,0.45,0.54,0.54,0.62,0.50,0.00,0.53,0.22,10
777,0.51,0.43,0.63,0.18,0.50,0.00,0.52,0.22,3
1225,0.51,0.52,0.48,0.50,0.50,0.00,0.51,0.22,10
97,0.55,0.49,0.50,0.46,0.50,0.00,0.52,0.25,10
1369,0.50,0.46,0.52,0.16,0.50,0.00,0.52,0.26,3
383,0.50,0.53,0.45,0.44,0.50,0.00,0.49,0.22,10
1327,0.45,0.59,0.53,0.74,0.50,0.00,0.47,0.25,10
1015,0.57,0.61,0.55,0.67,0.50,0.00,0.48,0.22,10
1098,0.54,0.45,0.62,0.13,0.50,0.00,0.52,0.26,5
731,0.67,0.51,0.53,0.28,0.50,0.00,0.51,0.22,10
1224,0.35,0.49,0.47,0.22,0.50,0.00,0.50,0.28,10
1064,0.47,0.63,0.66,0.45,0.50,0.00,0.37,0.11,10
563,0.51,0.34,0.43,0.18,0.50,0.00,0.48,0.25,3
976,0.56,0.45,0.59,0.14,0.50,0.00,0.51,0.26,5
623,0.45,0.38,0.59,0.18,0.50,0.00,0.44,0.45,5
1301,0.43,0.51,0.60,0.25,0.50,0.00,0.55,0.22,3
8,0.47,0.59,0.43,0.13,0.50,0.00,0.56,0.30,7
1449,0.40,0.45,0.42,0.17,0.50,0.00,0.54,0.26,7
1181,0.89,0.81,0.36,0.71,0.50,0.00,0.55,0.63,6
952,0.58,0.55,0.52,0.22,0.50,0.00,0.44,0.22,10
1322,0.59,0.57,0.46,0.14,0.50,0.00,0.52,0.22,10
589,0.49,0.41,0.32,0.21,0.50,0.00,0.50,0.32,7
1069,0.35,0.53,0.35,0.33,0.50,0.00,0.50,0.32,7
942,0.42,0.32,0.61,0.13,0.50,0.00,0.14,0.27,5
1460,0.50,0.46,0.42,0.32,0.50,0.00,0.56,0.55,7
643,0.68,0.50,0.43,0.27,0.50,0.00,0.61,0.22,8
1370,0.50,0.45,0.49,0.30,0.50,0.00,0.47,0.40,5
673,0.46,0.41,0.50,0.44,0.50,0.00,0.53,0.22,10
1422,0.32,0.36,0.34,0.19,0.50,0.00,0.55,0.26,7
134,0.40,0.51,0.42,0.13,0.50,0.00,0.45,0.25,7
33,0.70,0.73,0.37,0.37,0.50,0.00,0.48,0.31,6
327,0.81,0.76,0.32,0.37,0.50,0.00,0.51,0.22,8
138,0.65,0.61,0.39,0.30,0.50,0.00,0.57,0.28,7
120,0.47,0.43,0.35,0.32,0.50,0.00,0.54,0.22,7
1000,0.42,0.25,0.60,0.14,0.50,0.00,0.45,0.22,3
854,0.23,0.34,0.41,0.28,0.50,0.00,0.50,0.27,5
1188,0.85,0.56,0.33,0.38,1.00,0.00,0.55,0.25,9
39,0.34,0.31,0.60,0.37,0.50,0.00,0.50,0.30,5
1217,0.59,0.53,0.47,0.26,0.50,0.00,0.53,0.31,5
258,0.67,0.63,0.34,0.41,0.50,0.00,0.60,0.33,6
426,0.70,0.73,0.38,0.36,0.50,0.00,0.54,0.22,6
1229,0.54,0.51,0.54,0.52,0.50,0.00,0.47,0.25,10
19,0.53,0.50,0.54,0.56,0.50,0.00,0.49,0.41,10
580,0.84,0.63,0.38,0.23,0.50,0.00,0.53,0.22,1
1201,0.89,0.77,0.36,0.34,0.50,0.00,0.44,0.22,1
1267,0.48,0.43,0.45,0.17,0.50,0.00,0.48,0.37,7
1271,0.36,0.35,0.47,0.22,0.50,0.00,0.44,0.31,7
807,0.57,0.49,0.48,0.16,0.50,0.00,0.51,0.22,5
605,0.43,0.52,0.53,0.52,1.00,0.00,0.49,0.22,3
36,0.38,0.49,0.54,1.00,0.50,0.00,0.50,0.27,3
726,0.43,0.32,0.56,0.27,0.50,0.00,0.47,0.27,5
645,0.84,0.87,0.45,0.54,0.50,0.00,0.28,0.22,6
1052,0.27,0.56,0.56,0.18,0.50,0.00,0.52,0.22,3
102,0.89,0.82,0.60,0.49,0.50,0.00,0.55,0.22,8
136,0.86,0.92,0.50,0.37,1.00,0.00,0.53,0.32,9
802,0.37,0.55,0.29,0.32,0.50,0.00,0.51,0.22,7
881,0.87,0.83,0.57,0.36,0.50,0.00,0.36,0.22,1
123,0.43,0.45,0.54,0.14,0.50,0.00,0.50,0.31,3
1402,0.52,0.48,0.54,0.28,0.50,0.00,0.54,0.22,5
959,0.77,0.60,0.42,0.33,0.50,0.00,0.57,0.22,8
683,0.76,0.74,0.56,0.34,0.50,0.00,0.51,0.30,8
413,0.58,0.76,0.40,0.37,0.50,0.00,0.54,0.30,8
1062,0.94,0.60,0.33,0.49,0.50,0.00,0.54,0.22,8
20,0.36,0.44,0.57,0.18,0.50,0.00,0.42,0.22,10
49,0.42,0.51,0.39,0.22,0.50,0.00,0.49,0.26,7
1009,0.52,0.48,0.58,0.55,0.50,0.00,0.48,0.22,3
29,0.42,0.32,0.48,0.16,0.50,0.00,0.55,0.22,4
653,0.43,0.38,0.51,0.24,0.50,0.00,0.46,0.33,5
934,0.48,0.57,0.52,0.61,0.50,0.00,0.51,0.22,10
763,0.83,0.53,0.52,0.20,0.50,0.00,0.48,0.25,8
236,0.36,0.34,0.46,0.19,0.50,0.00,0.52,0.22,8
600,0.51,0.43,0.47,0.19,0.50,0.00,0.52,0.37,3
586,0.54,0.54,0.49,0.14,0.50,0.00,0.56,0.22,3
926,0.44,0.41,0.44,0.13,0.50,0.00,0.49,0.42,5
596,0.52,0.62,0.54,0.19,0.50,0.00,0.50,0.22,10
885,0.46,0.40,0.38,0.18,0.50,0.00,0.49,0.22,7
505,0.68,0.50,0.55,0.65,0.50,0.00,0.46,0.31,10
1078,0.53,0.44,0.47,0.22,0.50,0.00,0.53,0.22,5
1446,0.48,0.48,0.50,0.47,0.50,0.00,0.55,0.22,10
1115,0.46,0.14,0.36,0.21,0.50,0.00,0.50,0.25,7
1094,0.50,0.45,0.48,0.17,0.50,0.00,0.50,0.26,3
848,0.44,0.53,0.43,0.17,0.50,0.00,0.54,0.75,5
1425,0.46,0.47,0.46,0.16,0.50,0.00,0.51,0.22,3
650,0.52,0.49,0.57,0.57,0.50,0.00,0.51,0.22,5
665,0.62,0.64,0.56,0.20,0.50,0.00,0.48,0.33,5
1249,0.46,0.32,0.58,0.17,0.50,0.00,0.61,0.25,5
510,0.78,0.48,0.47,0.30,0.50,0.00,0.53,0.47,8
1172,0.49,0.62,0.65,0.18,0.50,0.00,0.46,0.43,5
1187,0.50,0.34,0.62,0.19,0.50,0.00,0.57,0.22,3
1121,0.39,0.37,0.33,0.23,0.50,0.00,0.53,0.26,7
114,0.39,0.37,0.56,0.15,0.50,0.00,0.50,0.27,3
171,0.33,0.37,0.54,0.28,0.50,0.00,0.53,0.27,5
1318,0.39,0.37,0.33,0.23,0.50,0.00,0.52,0.26,7
1332,0.33,0.38,0.53,0.26,0.50,0.00,0.52,0.27,5
424,0.48,0.51,0.57,0.24,0.50,0.00,0.50,0.22,3
1108,0.50,0.62,0.54,0.66,0.50,0.00,0.49,0.22,10
1368,0.47,0.54,0.54,0.48,0.50,0.00,0.53,0.26,10
1219,0.72,0.58,0.42,0.28,0.50,0.00,0.48,0.22,10
1268,0.41,0.41,0.51,0.19,0.50,0.00,0.57,0.22,10
428,0.81,0.65,0.52,0.41,0.50,0.00,0.57,0.26,10
895,0.50,0.49,0.52,0.20,0.50,0.00,0.43,0.52,5
1093,0.18,0.48,0.46,0.12,0.50,0.00,0.00,0.25,5
845,0.26,0.38,0.52,0.36,0.50,0.00,0.48,0.56,5
860,0.53,0.51,0.51,0.11,0.50,0.00,0.49,0.41,5
1262,0.58,0.49,0.50,0.41,0.50,0.00,0.57,0.22,10
838,0.62,0.60,0.47,0.16,0.50,0.00,0.53,0.22,3
719,0.68,0.58,0.51,0.19,0.50,0.83,0.54,0.22,2
1057,0.40,0.52,0.53,0.52,0.50,0.00,0.51,0.22,10
659,0.51,0.47,0.41,0.44,0.50,0.00,0.50,0.22,7
151,0.72,0.56,0.40,0.26,0.50,0.00,0.51,0.26,8
778,0.49,0.44,0.45,0.22,0.50,0.00,0.51,0.22,3
1220,0.32,0.47,0.55,0.25,0.50,0.00,0.49,0.22,10
343,0.46,0.57,0.52,0.28,0.50,0.00,0.52,0.22,5
27,0.53,0.48,0.45,0.44,0.50,0.00,0.49,0.27,10
949,0.49,0.48,0.46,0.63,0.50,0.00,0.52,0.22,10
1124,0.70,0.53,0.42,0.22,0.50,0.00,0.51,0.28,5
1253,0.68,0.68,0.49,0.15,0.50,0.00,0.53,0.22,1
217,0.47,0.60,0.35,0.21,0.50,0.00,0.52,0.22,7
803,0.55,0.49,0.45,0.18,0.50,0.00,0.49,0.22,5
962,0.40,0.53,0.61,0.21,0.50,0.00,0.48,0.33,5
333,0.57,0.44,0.42,0.20,0.50,0.00,0.54,0.22,3
1350,0.40,0.47,0.48,0.18,0.50,0.00,0.46,0.22,3
495,0.34,0.54,0.54,0.13,0.50,0.00,0.52,0.22,3
1044,0.43,0.83,0.55,0.20,0.50,0.00,0.47,0.40,5
245,0.55,0.65,0.50,0.28,0.50,0.00,0.55,0.22,5
159,0.29,0.46,0.54,0.27,0.50,0.00,0.49,0.22,3
32,0.46,0.42,0.60,0.21,0.50,0.00,0.40,0.22,1
857,0.80,0.81,0.55,0.35,0.50,0.00,0.42,0.22,1
30,0.79,0.74,0.49,0.33,0.50,0.00,0.48,0.22,1
1255,0.45,0.48,0.63,0.67,0.50,0.00,0.48,0.22,10
165,0.66,0.52,0.52,0.44,0.50,0.00,0.56,0.27,10
1361,0.50,0.49,0.59,0.47,0.50,0.00,0.49,0.36,10
1434,0.54,0.52,0.54,0.20,0.50,0.00,0.55,0.25,5
339,0.37,0.31,0.53,0.16,0.50,0.00,0.53,0.44,5
1176,0.43,0.39,0.59,0.13,0.50,0.00,0.41,0.43,5
1242,0.48,0.47,0.54,0.55,0.50,0.00,0.51,0.65,10
602,0.60,0.59,0.45,0.23,0.50,0.00,0.55,0.22,10
400,0.45,0.73,0.47,0.65,0.50,0.00,0.54,0.43,10
955,0.66,0.54,0.49,0.16,0.50,0.00,0.54,0.36,5
370,0.46,0.55,0.61,0.13,0.50,0.00,0.47,0.22,3
108,0.42,0.50,0.53,0.22,0.50,0.83,0.50,0.22,2
1412,0.66,0.66,0.32,0.54,0.50,0.00,0.51,0.22,8
1354,0.74,0.56,0.35,0.36,0.50,0.00,0.51,0.25,8
1074,0.89,0.52,0.41,0.26,0.50,0.00,0.52,0.31,8
964,0.67,0.51,0.54,0.21,0.50,0.00,0.43,0.30,10
44,0.58,0.46,0.46,0.34,0.50,0.00,0.50,0.43,5
1042,0.40,0.68,0.50,0.82,0.50,0.00,0.44,0.36,10
922,0.59,0.57,0.43,0.26,0.50,0.00,0.51,0.22,10
248,0.39,0.30,0.56,0.12,0.50,0.00,0.53,0.38,5
407,0.60,0.62,0.54,0.40,0.50,0.00,0.50,0.22,10
921,0.36,0.40,0.53,0.48,0.50,0.00,0.48,0.22,10
566,0.51,0.42,0.56,0.38,0.50,0.00,0.46,0.22,10
806,0.41,0.54,0.58,0.20,0.50,0.00,0.52,0.22,10
1222,0.57,0.40,0.62,0.30,0.50,0.00,0.48,0.11,10
131,0.52,0.50,0.59,0.31,0.50,0.00,0.50,0.22,10
939,0.42,0.53,0.53,0.64,0.50,0.00,0.47,0.22,10
1448,0.50,0.46,0.64,0.36,0.50,0.00,0.49,0.22,10
104,0.60,0.51,0.60,0.38,0.50,0.83,0.52,0.24,10
793,0.45,0.38,0.64,0.14,0.50,0.00,0.54,0.22,10
903,0.60,0.57,0.64,0.52,0.50,0.00,0.47,0.28,10
6,0.53,0.42,0.58,0.29,0.50,0.00,0.50,0.22,10
1366,0.41,0.52,0.53,0.41,0.50,0.00,0.39,0.33,10
299,0.45,0.43,0.63,0.40,0.50,0.00,0.59,0.11,10
843,0.44,0.44,0.67,0.35,0.50,0.00,0.48,0.26,10
421,0.58,0.52,0.61,0.33,0.50,0.00,0.38,0.11,10
458,0.57,0.61,0.55,0.27,0.50,0.00,0.44,0.21,10
443,0.57,0.58,0.58,0.35,0.50,0.00,0.49,0.22,10
998,0.64,0.64,0.56,0.21,0.50,0.00,0.50,0.22,10
752,0.56,0.50,0.61,0.49,0.50,0.00,0.46,0.28,10
651,0.60,0.46,0.59,0.16,0.50,0.00,0.49,0.22,10
37,0.36,0.38,0.56,0.44,0.50,0.00,0.48,0.22,10
204,0.53,0.52,0.61,0.35,0.50,0.00,0.50,0.22,10
768,0.62,0.59,0.54,0.47,0.50,0.00,0.46,0.22,10
157,0.55,0.50,0.60,0.31,0.50,0.00,0.46,0.27,10
1251,0.58,0.53,0.57,0.46,0.50,0.00,0.51,0.27,10
267,0.65,0.53,0.55,0.52,0.50,0.00,0.47,0.27,10
1035,0.38,0.54,0.54,0.41,0.50,0.00,0.51,0.22,10
1164,0.58,0.53,0.50,0.53,0.50,0.00,0.47,0.31,10
657,0.61,0.46,0.51,0.37,0.50,0.00,0.51,0.22,10
525,0.55,0.59,0.47,0.64,0.50,0.00,0.54,0.33,10
1106,0.54,0.64,0.50,0.13,0.50,0.00,0.49,0.22,10
1037,0.40,0.74,0.49,0.16,0.50,0.00,0.51,0.22,10
517,0.76,0.76,0.35,0.27,0.50,0.00,0.44,0.22,6
753,0.51,0.56,0.51,0.42,0.50,0.00,0.53,0.36,10
994,0.43,0.32,0.50,0.29,0.50,0.00,0.50,0.22,10
385,0.49,0.44,0.45,0.55,0.50,0.00,0.48,0.22,10
328,0.32,0.45,0.44,0.20,0.50,0.00,0.55,0.33,5
325,0.51,0.60,0.51,0.26,0.50,0.00,0.54,0.22,5
927,0.49,0.46,0.42,0.46,0.50,0.00,0.55,0.22,5
306,0.50,0.56,0.49,0.61,0.50,0.00,0.50,0.22,10
748,0.51,0.48,0.51,0.43,0.50,0.00,0.49,0.22,10
993,0.52,0.38,0.62,0.12,0.50,0.00,0.41,0.28,5
986,0.53,0.40,0.57,0.12,0.50,0.00,0.53,0.32,5
1169,0.51,0.56,0.62,0.24,0.50,0.00,0.52,0.51,5
1002,0.63,0.60,0.50,0.27,0.50,0.00,0.55,0.22,10
1173,0.46,0.44,0.53,0.31,0.50,0.00,0.48,0.22,10
900,0.58,0.57,0.54,0.69,0.50,0.00,0.54,0.22,10
879,0.61,0.59,0.47,0.49,0.50,0.00,0.54,0.22,10
1147,0.63,0.47,0.56,0.12,0.50,0.00,0.50,0.22,10
1149,0.55,0.53,0.54,0.40,0.50,0.00,0.48,0.22,10
289,0.41,0.47,0.58,0.62,0.50,0.00,0.50,0.22,10
94,0.44,0.53,0.53,0.37,0.50,0.00,0.51,0.22,10
775,0.57,0.40,0.48,0.24,0.50,0.00,0.55,0.22,3
723,0.46,0.46,0.56,0.12,0.50,0.00,0.55,0.22,10
1234,0.47,0.46,0.55,0.28,0.50,0.00,0.44,0.46,5
45,0.39,0.35,0.49,0.17,0.50,0.00,0.49,0.22,5
930,0.58,0.38,0.40,0.21,0.50,0.00,0.50,0.22,3
24,0.53,0.41,0.50,0.24,1.00,0.00,0.47,0.22,3
99,0.43,0.40,0.50,0.18,0.50,0.00,0.50,0.28,3
1059,0.41,0.59,0.46,0.19,0.50,0.00,0.36,0.22,1
699,0.58,0.56,0.52,0.25,0.50,0.00,0.57,0.35,5
970,0.51,0.65,0.53,0.19,0.50,0.00,0.49,0.22,1
1406,0.81,0.79,0.32,0.37,0.50,0.00,0.41,0.22,6
711,0.44,0.41,0.29,0.21,0.50,0.00,0.49,0.22,7
1213,0.49,0.60,0.55,0.17,0.50,0.00,0.44,0.22,3
144,0.56,0.63,0.52,0.20,0.50,0.00,0.34,0.26,5
1197,0.42,0.28,0.57,0.18,0.50,0.00,0.42,0.22,5
980,0.51,0.46,0.54,0.41,0.50,0.00,0.53,0.22,10
1377,0.60,0.51,0.52,0.45,0.50,0.00,0.50,0.27,10
1375,0.37,0.41,0.45,0.14,0.50,0.00,0.47,0.22,3
270,0.37,0.51,0.57,0.40,0.50,0.00,0.48,0.27,10
598,0.36,0.39,0.55,0.26,0.50,0.00,0.49,0.22,5
1045,0.50,0.36,0.53,0.41,0.50,0.00,0.55,0.36,3
608,0.59,0.58,0.39,0.52,0.50,0.00,0.50,0.31,3
559,0.78,0.63,0.53,0.13,0.50,0.00,0.54,0.22,8
1348,0.47,0.59,0.37,0.31,0.50,0.00,0.51,0.36,5
411,0.48,0.62,0.52,0.30,0.50,0.00,0.51,0.37,5
523,0.53,0.61,0.51,0.49,0.50,0.00,0.54,0.27,10
82,0.48,0.54,0.53,0.60,0.50,0.00,0.53,0.31,5
1409,0.33,0.46,0.53,0.29,0.50,0.00,0.50,0.55,5
1260,0.36,0.44,0.51,0.17,0.50,0.00,0.60,0.19,5
1023,0.39,0.34,0.68,0.30,0.50,0.00,0.50,0.29,5
1248,0.11,0.41,0.67,0.13,0.50,0.00,0.45,0.29,5
963,0.40,0.53,0.44,0.18,0.50,0.00,0.54,0.31,5
1158,0.47,0.50,0.55,0.19,0.50,0.00,0.62,0.22,3
1130,0.35,0.50,0.44,0.27,0.50,0.00,0.51,0.22,3
329,0.36,0.30,0.50,0.19,0.50,0.00,0.55,0.30,5
269,0.49,0.44,0.51,0.18,0.50,0.00,0.52,0.27,3
1050,0.35,0.44,0.54,0.26,0.50,0.00,0.52,0.26,5
925,0.43,0.28,0.53,0.34,0.50,0.00,0.55,0.57,5
846,0.33,0.48,0.55,0.16,0.50,0.00,0.53,0.75,5
1003,0.45,0.21,0.49,0.24,0.50,0.00,0.46,0.31,5
928,0.44,0.34,0.61,0.13,0.50,0.00,0.49,0.26,5
1034,0.87,0.47,0.60,0.47,0.50,0.00,0.59,0.22,5
1116,0.30,0.55,0.58,0.16,0.50,0.00,0.61,0.28,5
313,0.29,0.34,0.55,0.24,0.50,0.00,0.51,0.22,3
1125,0.75,0.67,0.51,0.29,0.50,0.00,0.52,0.36,10
192,0.47,0.47,0.50,0.15,0.50,0.00,0.50,0.48,5
528,0.51,0.34,0.49,0.16,0.50,0.00,0.53,0.21,5
842,0.64,0.76,0.51,0.18,0.50,0.00,0.46,0.22,5
1209,0.45,0.41,0.58,0.48,0.50,0.00,0.53,0.64,5
352,0.90,0.54,0.59,0.20,0.50,0.00,0.48,0.22,5
864,0.88,0.59,0.54,0.39,0.50,0.00,0.41,0.30,5
590,0.70,0.51,0.47,0.24,0.50,0.00,0.53,0.25,5
636,0.25,0.36,0.58,0.30,0.50,0.00,0.58,0.31,5
186,0.69,0.62,0.49,0.00,1.00,0.00,0.47,0.22,5
1126,0.83,0.57,0.42,0.57,0.50,0.00,0.50,0.32,8
1020,0.43,0.38,0.38,0.12,0.50,0.00,0.50,0.22,8
839,0.78,0.65,0.40,0.16,0.50,0.00,0.63,0.22,10
1013,0.52,0.64,0.34,0.16,0.50,0.00,0.57,0.22,10
912,0.75,0.66,0.64,0.39,0.50,0.00,0.46,0.32,10
319,0.41,0.49,0.58,0.22,0.50,0.00,0.52,0.22,10
914,0.58,0.51,0.56,0.16,0.50,0.00,0.34,0.22,5
472,0.48,0.49,0.45,0.23,0.50,0.00,0.51,0.22,7
158,0.39,0.42,0.49,0.10,0.50,0.00,0.49,0.65,5
357,0.31,0.42,0.48,0.17,0.50,0.00,0.49,0.53,5
195,0.39,0.28,0.54,0.14,0.50,0.00,0.59,0.22,10
11,0.76,0.67,0.37,0.22,0.50,0.00,0.54,0.22,8
919,0.49,0.27,0.57,0.18,0.50,0.83,0.54,0.22,2
1157,0.28,0.48,0.56,0.16,0.50,0.00,0.48,0.26,3
1317,0.69,0.39,0.52,0.12,0.50,0.00,0.38,0.35,3
1431,0.64,0.52,0.50,0.26,0.50,0.00,0.51,0.31,5
835,0.56,0.48,0.50,0.30,0.50,0.00,0.51,0.22,3
932,0.50,0.50,0.54,0.16,0.50,0.00,0.49,0.22,2
667,0.47,0.43,0.59,0.27,0.50,0.00,0.55,0.22,2
648,0.68,0.59,0.44,0.49,0.50,0.00,0.40,0.26,2
759,0.50,0.51,0.57,0.27,0.50,0.00,0.48,0.22,2
797,0.45,0.46,0.61,0.20,0.50,0.00,0.62,0.22,3
9,0.53,0.51,0.36,0.13,0.50,0.00,0.52,0.22,7
773,0.60,0.54,0.54,0.53,0.50,0.00,0.52,0.27,10
1151,0.49,0.52,0.53,0.70,0.50,0.00,0.51,0.22,10
1276,0.49,0.45,0.53,0.16,0.50,0.00,0.49,0.31,3
342,0.51,0.46,0.57,0.25,0.50,0.00,0.53,0.22,3
350,0.49,0.45,0.46,0.18,0.50,0.00,0.49,0.31,3
488,0.52,0.46,0.51,0.18,0.50,0.00,0.50,0.22,3
874,0.55,0.59,0.52,0.10,0.50,0.00,0.53,0.22,3
573,0.39,0.58,0.50,0.10,0.50,0.00,0.51,0.25,3
562,0.70,0.84,0.49,0.28,1.00,0.00,0.58,0.22,9
56,0.33,0.38,0.45,0.19,0.50,0.00,0.54,0.37,5
85,0.61,0.46,0.44,0.47,0.50,0.00,0.50,0.37,5
218,0.41,0.48,0.38,0.13,0.50,0.00,0.51,0.35,7
871,0.37,0.42,0.60,0.13,0.50,0.00,0.51,0.22,5
211,0.45,0.58,0.59,0.44,0.50,0.00,0.56,0.22,10
387,0.74,0.89,0.32,0.24,0.50,0.00,0.54,0.32,6
792,0.28,0.46,0.26,0.18,0.50,0.00,0.39,0.22,4
751,0.51,0.46,0.49,0.21,0.50,0.00,0.55,0.22,4
1138,0.80,0.82,0.57,0.26,0.50,0.00,0.57,0.27,4
852,0.46,0.49,0.45,0.28,0.50,0.00,0.55,0.22,4
616,0.40,0.36,0.55,0.15,0.50,0.00,0.53,0.22,4
516,0.67,0.46,0.58,0.30,0.50,0.00,0.57,0.27,5
915,0.50,0.32,0.49,0.49,0.50,0.00,0.48,0.32,10
1036,0.45,0.53,0.47,0.43,0.50,0.00,0.50,0.27,10
105,0.75,0.60,0.43,0.35,0.50,0.00,0.45,0.27,10
462,0.56,0.68,0.52,0.39,0.50,0.00,0.36,0.22,10
242,0.48,0.45,0.59,0.35,0.50,0.00,0.55,0.30,10
201,0.26,0.28,0.60,0.20,0.50,0.00,0.54,0.31,10
692,0.59,0.45,0.58,0.21,0.50,0.00,0.49,0.22,10
906,0.48,0.52,0.49,0.35,0.50,0.50,0.51,0.22,10
529,0.59,0.58,0.47,0.61,0.50,0.00,0.44,0.30,10
1079,0.50,0.57,0.62,0.25,0.50,0.00,0.51,0.22,10
1408,0.57,0.49,0.50,0.20,0.50,0.00,0.51,0.28,3
1457,0.62,0.43,0.49,0.29,0.50,0.00,0.50,0.27,3
676,0.45,0.41,0.49,0.14,1.00,0.00,0.53,0.30,3
527,0.47,0.49,0.60,0.15,0.50,0.00,0.38,0.22,3
69,0.41,0.48,0.54,0.24,0.50,0.00,0.37,0.51,5
1349,0.46,0.46,0.53,0.23,0.50,0.00,0.51,0.22,3
1055,0.48,0.42,0.48,0.19,0.50,0.00,0.58,0.22,3
758,0.43,0.45,0.53,0.19,0.50,0.00,0.56,0.22,3
206,0.28,0.36,0.55,0.15,0.50,0.00,0.57,0.22,3
534,0.48,0.46,0.58,0.26,0.50,0.00,0.44,0.22,5
194,0.74,0.72,0.50,0.28,0.50,0.00,0.50,0.27,1
175,0.74,0.72,0.50,0.28,0.50,0.00,0.49,0.27,1
1010,0.38,0.62,0.52,0.14,0.50,0.00,0.53,0.22,3
185,0.77,0.72,0.48,0.26,0.50,0.00,0.51,0.22,1
418,0.44,0.42,0.57,0.22,0.50,0.00,0.50,0.25,5
447,0.74,0.74,0.51,0.27,0.50,0.00,0.50,0.22,1
1288,0.39,0.81,0.35,0.28,0.50,0.00,0.51,0.45,7
867,0.53,0.54,0.43,0.18,0.50,0.00,0.53,0.31,5
293,0.38,0.45,0.37,0.19,0.50,0.00,0.52,0.30,7
1461,0.40,0.37,0.54,0.13,0.50,0.00,0.48,0.22,5
1252,0.31,0.30,0.34,0.19,0.50,0.00,0.55,0.30,7
804,0.50,0.42,0.57,0.49,0.50,0.00,0.48,0.27,5
149,0.59,0.61,0.51,0.62,0.50,0.00,0.51,0.38,10
1232,0.45,0.40,0.43,0.22,0.50,0.00,0.51,0.48,5
1067,0.47,0.54,0.53,0.77,0.50,0.00,0.52,0.36,10
1004,0.77,0.78,0.51,0.28,0.50,0.00,0.33,0.22,1
610,0.74,0.71,0.52,0.30,0.50,0.00,0.27,0.22,1
1206,0.77,0.73,0.51,0.27,0.50,0.00,0.34,0.22,1
1401,0.47,0.61,0.50,0.23,0.50,0.00,0.49,0.22,7
301,0.78,0.69,0.44,0.26,0.50,0.00,0.54,0.22,6
1021,0.49,0.60,0.30,0.34,0.50,0.00,0.50,0.43,7
551,0.27,0.56,0.30,0.14,0.50,0.00,0.52,0.39,7
1025,0.40,0.39,0.33,0.17,0.50,0.00,0.51,0.31,4
188,0.55,0.51,0.54,0.20,0.50,0.00,0.56,0.22,3
978,0.95,0.71,0.27,0.39,0.50,0.00,0.31,0.22,8
901,0.97,0.71,0.29,0.42,0.50,0.00,0.35,0.22,8
83,0.44,0.43,0.34,0.21,0.50,0.00,0.55,0.40,7
1413,0.39,0.49,0.30,0.19,0.50,0.00,0.52,0.31,7
872,0.38,0.48,0.51,0.13,0.50,0.00,0.50,0.32,5
750,0.37,0.51,0.39,0.18,0.50,0.00,0.51,0.27,7
565,0.27,0.49,0.36,0.26,0.50,0.00,0.49,0.26,7
240,0.49,0.48,0.52,0.20,0.50,0.00,0.55,0.22,5
308,0.36,0.39,0.54,0.16,0.50,0.00,0.50,0.28,5
1319,0.54,0.53,0.48,0.14,0.50,0.00,0.49,0.33,5
576,0.37,0.48,0.50,0.26,0.50,0.00,0.52,0.39,5
1387,0.25,0.39,0.50,0.23,0.50,0.00,0.50,0.28,5
103,0.49,0.71,0.54,0.13,0.50,0.00,0.58,0.22,5
1308,0.56,0.50,0.56,0.26,0.50,0.00,0.53,0.27,5
28,0.41,0.53,0.41,0.15,0.50,0.00,0.54,0.25,5
666,0.50,0.45,0.53,0.21,0.50,0.00,0.28,0.22,5
612,0.46,0.37,0.48,0.36,0.50,0.00,0.48,0.22,2
243,0.66,0.55,0.34,0.20,0.50,0.00,0.62,0.22,7
1257,0.42,0.65,0.58,0.34,0.50,0.00,0.50,0.22,10
1393,0.45,0.47,0.53,0.15,0.50,0.00,0.52,0.27,3
795,0.42,0.28,0.51,0.23,0.50,0.00,0.53,0.27,5
251,0.51,0.48,0.46,0.29,0.50,0.00,0.54,0.22,3
256,0.75,0.69,0.48,0.13,0.50,0.00,0.57,0.40,4
1235,0.69,0.70,0.50,0.30,0.50,0.00,0.54,0.22,4
253,0.63,0.55,0.53,0.51,0.50,0.00,0.55,0.22,4
1031,0.55,0.63,0.54,0.16,0.50,0.00,0.45,0.27,3
649,0.46,0.62,0.54,0.25,0.50,0.00,0.46,0.22,3
215,0.53,0.59,0.48,0.14,0.50,0.00,0.51,0.22,3
1313,0.42,0.53,0.57,0.17,0.50,0.00,0.49,0.22,3
287,0.52,0.46,0.56,0.20,0.50,0.00,0.50,0.22,3
184,0.53,0.43,0.57,0.24,0.50,0.00,0.39,0.28,3
223,0.33,0.35,0.56,0.19,0.50,0.00,0.50,0.22,5
1440,0.45,0.48,0.56,0.56,0.50,0.00,0.47,0.22,5
716,0.56,0.48,0.50,0.17,0.50,0.00,0.51,0.26,3
1298,0.77,0.57,0.45,0.17,0.50,0.00,0.53,0.22,3
1321,0.56,0.59,0.54,0.18,0.50,0.00,0.48,0.46,5
877,0.33,0.39,0.52,0.09,0.50,0.00,0.47,0.28,5
90,0.48,0.41,0.54,0.39,0.50,0.00,0.51,0.22,5
1340,0.30,0.30,0.46,0.32,0.50,0.00,0.45,0.22,5
884,0.38,0.26,0.60,0.10,0.50,0.00,0.48,0.44,5
776,0.68,0.39,0.50,0.15,0.50,0.00,0.48,0.37,5
386,0.62,0.41,0.52,0.17,0.50,0.00,0.48,0.22,5
1320,0.52,0.37,0.48,0.13,0.50,0.00,0.55,0.22,5
875,0.32,0.48,0.49,0.17,0.50,0.00,0.47,0.22,5
1047,0.34,0.35,0.58,0.20,0.50,0.00,0.46,0.32,5
1156,0.33,0.21,0.53,0.15,1.00,0.00,0.52,0.50,5
366,0.49,0.45,0.57,0.24,0.50,0.00,0.47,0.38,5
909,0.40,0.28,0.48,0.06,0.50,0.00,0.49,0.42,5
1277,0.51,0.39,0.56,0.25,0.50,0.00,0.51,0.33,5
189,0.45,0.45,0.52,0.17,0.50,0.00,0.54,0.22,3
606,0.28,0.51,0.55,0.19,0.50,0.00,0.57,0.22,3
425,0.51,0.51,0.56,0.28,0.50,0.00,0.54,0.27,3
1278,0.48,0.56,0.49,0.32,0.50,0.00,0.50,0.22,3
135,0.59,0.46,0.48,0.46,0.50,0.00,0.49,0.22,3
261,0.51,0.46,0.40,0.65,0.50,0.00,0.49,0.22,10
1139,0.37,0.44,0.51,0.56,0.50,0.00,0.50,0.38,5
827,0.81,0.55,0.35,0.34,0.50,0.00,0.51,0.22,8
133,0.53,0.45,0.53,0.18,0.50,0.00,0.42,0.22,3
10,0.45,0.27,0.50,0.33,0.50,0.00,0.53,0.26,3
381,0.36,0.33,0.38,0.15,0.50,0.00,0.55,0.36,7
1092,0.48,0.50,0.56,0.11,0.50,0.00,0.33,0.22,3
654,0.35,0.47,0.53,0.19,0.50,0.00,0.48,0.22,3
1134,0.48,0.48,0.56,0.18,0.50,0.00,0.58,0.22,3
1281,0.60,0.59,0.47,0.47,0.50,0.00,0.53,0.22,10
190,0.45,0.53,0.51,0.42,0.50,0.00,0.52,0.22,10
883,0.29,0.40,0.41,0.48,0.50,0.00,0.53,0.30,5
416,0.58,0.53,0.33,0.26,0.50,0.00,0.51,0.22,7
992,0.46,0.43,0.50,0.24,0.50,0.00,0.48,0.31,3
938,0.43,0.46,0.50,0.21,0.50,0.00,0.49,0.34,3
1329,0.61,0.55,0.51,0.26,0.50,0.00,0.52,0.22,3
1104,0.50,0.62,0.52,0.30,0.50,0.00,0.56,0.22,10
969,0.49,0.45,0.54,0.40,0.50,0.00,0.55,0.22,10
38,0.64,0.53,0.59,0.14,0.50,0.00,0.53,0.22,10
332,0.57,0.60,0.54,0.17,0.50,0.00,0.52,0.22,10
469,0.38,0.31,0.59,0.19,0.50,0.00,0.46,0.22,10
92,0.68,0.53,0.44,0.31,0.50,0.00,0.51,0.22,10
1415,0.24,0.41,0.47,0.16,0.50,0.00,0.51,0.38,5
17,0.61,0.39,0.53,0.14,0.50,0.00,0.43,0.26,5
706,0.39,0.16,0.59,0.08,0.50,0.00,0.51,0.27,5
1166,0.33,0.28,0.50,0.40,0.50,0.00,0.46,0.61,5
736,0.51,0.55,0.56,0.18,0.50,0.00,0.50,0.38,5
1011,0.39,0.44,0.54,0.24,0.50,0.00,0.51,0.49,5
1019,0.43,0.48,0.53,0.18,0.50,0.00,0.46,0.22,5
221,0.47,0.43,0.48,0.16,0.50,0.00,0.46,0.27,5
1357,0.52,0.50,0.51,0.20,0.50,0.00,0.51,0.22,5
521,0.33,0.28,0.52,0.15,0.50,0.00,0.51,0.86,5
809,0.36,0.48,0.50,0.13,0.50,0.00,0.49,0.60,5
172,0.45,0.54,0.49,0.29,0.50,0.00,0.49,0.25,5
477,0.55,0.59,0.53,0.15,0.50,0.00,0.49,0.22,5
1245,0.31,0.39,0.55,0.28,0.50,0.00,0.46,0.31,5
698,0.43,0.41,0.51,0.34,0.50,0.00,0.49,0.28,5
595,0.64,0.50,0.53,0.10,0.50,0.00,0.51,0.22,5
1266,0.41,0.52,0.56,0.26,0.50,0.00,0.48,0.32,5
475,0.48,0.47,0.59,0.41,0.50,0.00,0.56,0.27,5
1040,0.49,0.49,0.51,0.29,0.50,0.00,0.52,0.71,5
898,0.41,0.52,0.51,0.22,0.50,0.00,0.52,0.44,5
1128,0.51,0.61,0.50,0.23,0.50,0.00,0.52,0.61,5
656,0.59,0.47,0.51,0.53,0.50,0.00,0.53,0.26,3
91,0.40,0.60,0.50,0.16,0.50,0.00,0.51,0.22,3
548,0.54,0.53,0.53,0.17,0.50,0.00,0.51,0.39,5
417,0.61,0.46,0.54,0.11,0.50,0.00,0.47,0.22,3
55,0.66,0.55,0.54,0.18,0.50,0.00,0.43,0.22,3
536,0.53,0.46,0.54,0.37,0.50,0.00,0.51,0.30,5
520,0.41,0.41,0.43,0.61,0.50,0.00,0.53,0.22,10
257,0.58,0.31,0.60,0.12,0.50,0.00,0.47,0.33,5
1458,0.49,0.67,0.50,0.28,0.50,0.00,0.43,0.22,5
1038,0.44,0.33,0.55,0.16,0.50,0.00,0.49,0.22,5
931,0.44,0.45,0.53,0.19,0.50,0.00,0.41,0.28,5
302,0.57,0.55,0.52,0.16,0.50,0.00,0.49,0.39,5
40,0.45,0.66,0.39,0.11,0.50,0.00,0.54,0.22,7
560,0.32,0.49,0.53,0.28,0.50,0.00,0.50,0.50,5
1330,0.35,0.42,0.56,0.28,0.50,0.00,0.47,0.22,5
995,0.46,0.41,0.58,0.10,0.50,0.00,0.48,0.22,5
250,0.57,0.51,0.58,0.22,0.50,0.00,0.51,0.22,5
305,0.47,0.47,0.54,0.19,0.50,0.00,0.51,0.33,5
1316,0.34,0.58,0.50,0.26,0.50,0.00,0.51,0.22,5
564,0.55,0.45,0.58,0.25,0.50,0.00,0.49,0.22,5
1362,0.40,0.66,0.34,0.21,0.50,0.00,0.52,0.26,5
377,0.42,0.21,0.59,0.30,0.50,0.00,0.47,0.27,5
197,0.60,0.48,0.46,0.32,0.50,0.00,0.40,0.33,3
1417,0.64,0.44,0.51,0.35,0.50,0.00,0.53,0.22,3
282,0.35,0.40,0.44,0.25,0.50,0.00,0.53,0.57,5
390,0.55,0.38,0.64,0.42,0.50,0.00,0.47,0.22,10
1051,0.45,0.43,0.50,0.25,0.50,0.00,0.47,0.22,10
1060,0.47,0.53,0.48,0.51,0.50,0.00,0.54,0.22,10
1043,0.45,0.49,0.57,0.25,0.50,0.00,0.48,0.22,5
1111,0.45,0.52,0.50,0.12,0.50,0.00,0.60,0.22,3
1196,0.56,0.51,0.32,0.49,0.50,0.00,0.48,0.22,5
1323,0.37,0.58,0.50,0.22,0.50,0.00,0.47,0.22,5
179,0.47,0.45,0.51,0.33,0.50,0.00,0.46,0.26,5
163,0.50,0.36,0.64,0.37,0.50,0.00,0.37,0.33,5
1240,0.43,0.44,0.64,0.19,0.50,0.00,0.38,0.33,5
2,0.38,0.40,0.59,0.25,0.50,0.00,0.44,0.22,3
274,0.39,0.39,0.59,0.25,0.50,0.00,0.45,0.22,3
518,0.54,0.55,0.56,0.14,0.50,0.00,0.50,0.25,3
886,0.45,0.50,0.57,0.29,0.50,0.00,0.44,0.11,3
886,0.45,0.50,0.57,0.29,0.50,0.00,0.44,0.11,3
1344,0.61,0.38,0.57,0.36,0.50,0.00,0.44,0.21,3
1344,0.61,0.38,0.57,0.36,0.50,0.00,0.44,0.21,3
572,0.43,0.33,0.54,0.37,0.50,0.00,0.38,0.16,3
1221,0.43,0.33,0.54,0.37,0.50,0.00,0.38,0.16,3
1171,0.51,0.39,0.58,0.19,0.50,0.00,0.47,0.22,3
493,0.72,0.51,0.52,0.08,0.50,0.00,0.54,0.22,5
1119,0.35,0.41,0.53,0.27,0.50,0.00,0.47,0.29,5
499,0.56,0.49,0.54,0.15,0.50,0.00,0.50,0.35,5
95,0.57,0.37,0.43,0.27,0.50,0.00,0.53,0.28,5
1186,0.57,0.49,0.61,0.26,0.50,0.00,0.52,0.22,5
967,0.48,0.45,0.63,0.19,0.50,0.00,0.58,0.22,5
454,0.34,0.48,0.47,0.19,0.50,0.00,0.50,0.30,5
284,0.54,0.57,0.55,0.18,0.50,0.00,0.50,0.22,5
77,0.38,0.44,0.55,0.44,0.50,0.00,0.47,0.51,5
276,0.40,0.30,0.57,0.13,0.50,0.00,0.46,0.22,5
1204,0.27,0.31,0.55,0.13,0.50,0.00,0.50,0.22,5
865,0.52,0.46,0.56,0.25,0.50,0.00,0.52,0.22,5
762,0.44,0.50,0.55,0.24,0.50,0.00,0.48,0.22,5
1452,0.34,0.47,0.48,0.32,0.50,0.00,0.42,0.22,5
219,0.50,0.56,0.63,0.25,0.50,0.00,0.42,0.22,5
1205,0.46,0.53,0.47,0.37,0.50,0.00,0.51,0.36,5
799,0.31,0.60,0.65,0.18,0.50,0.00,0.46,0.22,5
770,0.57,0.42,0.63,0.22,0.50,0.00,0.68,0.32,5
660,0.37,0.45,0.53,0.14,0.50,0.00,0.49,0.22,5
542,0.38,0.38,0.54,0.24,0.50,0.00,0.54,0.22,5
13,0.36,0.49,0.55,0.21,0.50,0.00,0.55,0.33,5
1180,0.29,0.40,0.50,0.16,0.50,0.00,0.51,0.34,5
828,0.37,0.30,0.51,0.15,0.50,0.00,0.58,0.26,5
110,0.35,0.33,0.48,0.42,0.50,0.00,0.47,0.43,3
127,0.46,0.35,0.69,0.18,0.50,0.00,0.30,0.25,3
127,0.46,0.35,0.69,0.18,0.50,0.00,0.30,0.25,3
1136,0.57,0.43,0.52,0.30,0.50,0.00,0.37,0.11,3
696,0.57,0.43,0.52,0.30,0.50,0.00,0.37,0.11,3
718,0.59,0.51,0.48,0.12,0.50,0.00,0.54,0.31,3
718,0.59,0.51,0.48,0.12,0.50,0.00,0.54,0.31,3
271,0.61,0.53,0.59,0.17,0.50,0.00,0.44,0.28,3
953,0.61,0.48,0.56,0.19,0.50,0.00,0.53,0.31,3
953,0.61,0.48,0.56,0.19,0.50,0.00,0.53,0.31,3
1451,0.44,0.56,0.52,0.18,0.50,0.00,0.50,0.11,3
628,0.36,0.56,0.52,0.18,0.50,0.00,0.45,0.16,3
1210,0.37,0.44,0.64,0.48,0.50,0.00,0.36,0.27,3
890,0.72,0.37,0.63,0.38,0.50,0.00,0.40,0.14,3
890,0.72,0.37,0.63,0.38,0.50,0.00,0.40,0.14,3
531,0.44,0.36,0.64,0.45,0.50,0.00,0.53,0.11,3
1114,0.58,0.45,0.55,0.27,0.50,0.00,0.48,0.11,3
213,0.63,0.64,0.45,0.26,0.50,0.00,0.43,0.22,3
213,0.63,0.64,0.45,0.26,0.50,0.00,0.43,0.22,3
281,0.43,0.33,0.67,0.12,0.50,0.00,0.45,0.23,3
433,0.43,0.33,0.67,0.12,0.50,0.00,0.43,0.23,3
1048,0.58,0.44,0.50,0.26,0.50,0.00,0.52,0.22,3
356,0.38,0.43,0.53,0.22,0.50,0.00,0.48,0.11,3
492,0.40,0.45,0.61,0.29,0.50,0.00,0.44,0.22,3
427,0.40,0.45,0.61,0.29,0.50,0.00,0.44,0.22,3
1433,0.34,0.34,0.65,0.40,0.50,0.00,0.32,0.16,3
1433,0.34,0.34,0.65,0.40,0.50,0.00,0.32,0.16,3
1443,0.43,0.22,0.79,0.79,0.50,0.00,0.22,0.00,3
764,0.35,0.21,1.00,0.80,0.50,0.00,0.13,0.01,3
764,0.35,0.21,1.00,0.80,0.50,0.00,0.13,0.01,3
432,0.56,0.35,0.47,0.41,0.50,0.00,0.50,0.22,3
1379,0.56,0.35,0.47,0.35,0.50,0.00,0.52,0.22,3
1356,0.54,0.44,0.55,0.48,0.50,0.00,0.47,0.22,3
681,0.35,0.39,0.56,0.20,0.50,0.00,0.49,0.41,3
1455,0.48,0.46,0.58,0.16,0.50,0.00,0.45,0.22,3
979,0.48,0.55,0.48,0.10,0.50,0.00,0.55,0.22,3
380,0.66,0.60,0.52,0.19,0.50,0.00,0.69,0.22,3
1193,0.69,0.54,0.55,0.23,0.50,0.00,0.73,0.22,3
907,0.73,0.60,0.47,0.20,0.50,0.00,0.72,0.22,3
479,0.78,0.82,0.56,0.21,0.50,0.00,0.69,0.22,3
746,0.42,0.49,0.49,0.36,0.50,0.00,0.57,0.26,10
101,0.44,0.62,0.53,0.27,0.50,0.00,0.49,0.22,5
177,0.56,0.61,0.52,0.19,0.50,0.00,0.52,0.32,5
156,0.47,0.56,0.46,0.50,0.50,0.00,0.51,0.22,10
1285,0.46,0.33,0.45,0.22,0.50,0.00,0.41,0.37,3
965,0.52,0.43,0.61,0.22,0.50,0.00,0.45,0.22,3
444,0.52,0.43,0.61,0.22,0.50,0.00,0.45,0.22,3
519,0.32,0.44,0.54,0.21,0.50,0.00,0.40,0.19,3
519,0.32,0.44,0.54,0.21,0.50,0.00,0.40,0.19,3
139,0.48,0.41,0.52,0.33,0.50,0.00,0.51,0.26,3
1333,0.46,0.39,0.54,0.22,0.50,0.00,0.48,0.25,3
1333,0.46,0.39,0.54,0.22,0.50,0.00,0.48,0.25,3
785,0.42,0.50,0.64,0.13,0.50,0.00,0.49,0.22,3
1129,0.46,0.54,0.59,0.41,0.50,0.00,0.53,0.21,3
216,0.46,0.54,0.59,0.41,0.50,0.00,0.53,0.21,3
1256,0.39,0.65,0.57,0.19,0.50,0.00,0.44,0.25,3
168,0.39,0.65,0.57,0.19,0.50,0.00,0.43,0.25,3
950,0.38,0.50,0.52,0.44,0.50,0.00,0.54,0.11,3
950,0.38,0.50,0.52,0.44,0.50,0.00,0.54,0.11,3
57,0.51,0.52,0.58,0.17,0.50,0.00,0.47,0.28,3
1331,0.57,0.48,0.54,0.22,0.50,0.00,0.50,0.11,3
300,0.50,0.50,0.62,0.23,0.50,0.00,0.35,0.11,3
644,0.41,0.49,0.65,0.28,0.50,0.00,0.59,0.57,3
1287,0.53,0.57,0.60,0.36,0.50,0.00,0.50,0.22,3
1287,0.53,0.57,0.60,0.36,0.50,0.00,0.50,0.22,3
1289,0.37,0.30,0.62,0.43,0.50,0.00,0.44,0.39,3
1289,0.37,0.30,0.62,0.43,0.50,0.00,0.44,0.39,3
1145,0.60,0.57,0.52,0.14,0.50,0.00,0.46,0.48,5
1397,0.42,0.38,0.52,0.29,0.50,0.00,0.42,0.22,5
1199,0.41,0.46,0.58,0.08,0.50,0.00,0.51,0.28,5
513,0.49,0.40,0.58,0.23,0.50,0.00,0.47,0.27,3
1207,0.37,0.37,0.51,0.38,0.50,0.00,0.44,0.22,3
524,0.57,0.50,0.40,0.08,0.50,0.00,0.47,0.22,7
1360,0.51,0.40,0.50,0.28,0.50,0.00,0.48,0.27,3
1039,0.34,0.25,0.55,0.28,0.50,0.00,0.51,0.49,3
539,0.77,0.86,0.44,0.27,0.50,0.00,0.48,0.22,6
496,0.59,0.54,0.53,0.14,0.50,0.00,0.48,0.22,3
161,0.50,0.48,0.48,0.23,0.50,0.00,0.53,0.68,3
254,0.39,1.00,0.38,0.41,0.50,0.00,0.50,0.27,10
735,0.56,0.42,0.52,0.14,0.50,0.00,0.51,0.22,3
309,0.39,0.46,0.33,0.18,0.50,0.00,0.53,0.22,7
388,0.52,0.54,0.47,0.49,0.50,0.00,0.54,0.22,10
1396,0.46,0.49,0.55,0.18,0.50,0.00,0.56,0.22,5
1309,0.56,0.65,0.49,0.56,0.50,0.00,0.49,0.22,10
1429,0.53,0.51,0.55,0.57,0.50,0.00,0.46,0.22,10
145,0.54,0.64,0.40,0.56,0.50,0.00,0.51,0.22,10
72,0.47,0.58,0.47,0.52,0.50,0.00,0.54,0.22,10
1380,0.46,0.42,0.51,0.16,0.50,0.00,0.56,0.22,3
1264,0.60,0.51,0.49,0.18,0.50,0.00,0.53,0.38,3
862,0.85,0.66,0.49,0.18,0.50,0.00,0.51,0.22,6
232,0.55,0.52,0.44,0.20,0.50,0.00,0.56,0.22,8
1286,0.49,0.38,0.56,0.09,0.50,0.00,0.46,0.22,3
569,0.38,0.40,0.53,0.12,0.50,0.00,0.55,0.22,3
873,0.55,0.55,0.52,0.13,0.50,0.00,0.53,0.25,3
501,0.46,0.44,0.58,0.17,0.50,0.00,0.55,0.22,3
335,0.34,0.46,0.52,0.19,0.50,0.00,0.53,0.26,3
1082,0.58,0.56,0.46,0.14,0.50,0.00,0.51,0.22,3
480,0.46,0.47,0.44,0.18,1.00,0.00,0.46,0.22,8
668,0.44,0.71,0.50,0.21,0.50,0.00,0.54,0.27,3
122,0.56,0.49,0.32,0.22,0.50,0.00,0.50,0.22,8
1254,0.41,0.49,0.47,0.09,0.50,0.00,0.49,0.22,3
999,0.44,0.51,0.53,0.30,0.50,0.00,0.53,0.22,3
290,0.54,0.51,0.56,0.15,0.50,0.00,0.54,0.31,3
823,0.51,0.51,0.32,0.27,0.50,0.00,0.54,0.22,7
1012,0.46,0.38,0.51,0.20,0.50,0.00,0.51,0.22,3
484,0.55,0.72,0.35,0.26,0.50,0.00,0.49,0.22,7
997,0.54,0.44,0.35,0.19,0.50,0.00,0.51,0.27,7
1097,0.65,0.66,0.37,0.12,0.50,0.00,0.52,0.27,7
1374,0.41,0.40,0.56,0.17,0.50,0.00,0.56,0.22,3
1300,0.39,0.71,0.38,0.14,0.50,0.00,0.50,0.22,8
1261,0.37,0.42,0.46,0.15,0.50,0.00,0.51,0.31,8
87,0.59,0.55,0.57,0.18,0.50,0.00,0.51,0.22,3
474,0.48,0.51,0.50,0.24,0.50,0.00,0.54,0.38,3
410,0.39,0.30,0.63,0.20,0.50,0.00,0.43,0.47,3
272,0.47,0.52,0.54,0.25,0.50,0.00,0.54,0.29,10
1355,0.77,0.82,0.40,0.36,0.50,0.00,0.38,0.22,6
191,0.52,0.55,0.39,0.09,1.00,0.00,0.55,0.25,7
392,0.42,0.28,0.33,0.23,0.50,0.00,0.39,0.26,7
624,0.47,0.37,0.46,0.28,0.50,0.00,0.52,0.99,5
708,0.48,0.50,0.47,0.29,0.50,0.00,0.46,0.27,5
1447,0.30,0.33,0.55,0.12,0.50,0.00,0.53,0.38,3
924,0.49,0.49,0.52,0.18,0.50,0.00,0.51,0.25,5
1239,0.54,0.59,0.57,0.34,0.50,0.00,0.49,0.22,5
285,0.70,0.78,0.53,0.24,0.50,0.00,0.48,0.22,4
434,0.85,0.69,0.34,0.31,0.50,0.00,0.57,0.30,6
766,0.56,0.59,0.45,0.15,0.50,0.00,0.54,0.22,10
1383,0.47,0.56,0.53,0.44,0.50,0.00,0.53,0.22,10
861,0.53,0.49,0.47,0.21,0.50,0.00,0.53,0.22,3
690,0.70,0.57,0.34,0.19,0.50,0.00,0.53,0.27,8
292,0.42,0.43,0.67,0.70,0.50,0.00,0.42,0.25,3
537,0.47,0.44,0.53,0.18,0.50,0.00,0.47,0.29,5
1161,0.40,0.49,0.53,0.23,0.50,0.00,0.44,0.26,5
450,0.45,0.65,0.51,0.17,0.50,0.00,0.49,0.22,5
1165,0.42,0.42,0.55,0.31,0.50,0.00,0.43,0.22,5
241,0.45,0.41,0.53,0.49,0.50,0.00,0.49,0.31,5
913,0.42,0.28,0.49,0.22,0.50,0.00,0.55,0.34,5
594,0.47,0.50,0.47,0.22,0.50,0.00,0.53,0.45,5
467,0.33,0.42,0.55,0.23,0.50,0.00,0.52,0.43,5
744,0.56,0.55,0.57,0.15,0.50,0.00,0.54,0.25,3
1152,0.37,0.47,0.49,0.12,0.50,0.00,0.47,0.31,5
1160,0.32,0.60,0.48,0.13,0.50,0.00,0.53,0.22,5
46,0.38,0.42,0.31,0.35,0.50,0.00,0.52,0.22,7
1041,0.46,0.56,0.56,0.25,0.50,0.00,0.43,0.22,5
247,0.47,0.55,0.57,0.17,0.50,0.00,0.52,0.66,5
905,0.37,0.55,0.52,0.13,0.50,0.00,0.42,0.80,3
239,0.46,0.48,0.38,0.22,0.50,0.00,0.39,0.45,7
1005,0.80,0.69,0.53,0.33,0.50,0.00,0.51,0.22,8
1088,0.52,0.65,0.36,0.37,0.50,0.00,0.52,0.34,7
700,0.19,0.16,0.68,0.36,0.50,0.00,0.49,0.21,5
137,0.64,0.31,0.53,0.15,0.50,0.00,0.53,0.31,3
318,0.40,0.43,0.36,0.33,0.50,0.00,0.51,0.22,7
167,0.47,0.56,0.51,0.20,0.50,0.00,0.52,0.59,5
1076,0.40,0.75,0.44,0.12,0.50,0.00,0.49,0.22,5
844,0.48,0.55,0.58,0.18,0.50,0.00,0.38,0.69,5
1133,0.57,0.51,0.34,0.13,0.50,0.00,0.53,0.27,10
225,0.23,0.37,0.32,0.13,0.50,0.00,0.53,0.22,10
279,0.54,0.50,0.51,0.26,0.50,0.00,0.52,0.22,3
855,0.60,0.64,0.56,0.36,0.50,0.00,0.46,0.27,3
1359,0.27,0.41,0.24,0.20,0.50,0.00,0.49,0.22,7
64,0.25,0.35,0.22,0.18,0.50,0.00,0.46,0.22,7
697,0.39,0.45,0.51,0.29,0.50,0.00,0.54,0.22,3
546,0.33,0.47,0.55,0.24,0.50,0.00,0.45,0.67,5
515,0.37,0.40,0.38,0.18,0.50,0.00,0.51,0.22,7
396,0.43,0.47,0.47,0.18,0.50,0.00,0.47,0.22,3
336,0.66,0.43,0.57,0.60,0.50,0.00,0.19,0.33,5
694,0.55,0.40,0.62,0.22,0.50,0.00,0.37,0.28,5
198,0.33,0.46,0.60,0.18,0.50,0.00,0.51,0.26,5
767,0.51,0.50,0.54,0.11,0.50,0.00,0.60,0.22,5
555,0.54,0.60,0.57,0.17,0.50,0.00,0.44,0.22,5
1095,0.45,0.57,0.38,0.28,0.50,0.00,0.53,0.31,7
196,0.55,0.57,0.51,0.07,0.50,0.00,0.55,0.22,3
476,0.54,0.47,0.58,0.40,0.50,0.00,0.46,0.27,10
116,0.36,0.32,0.55,0.27,0.50,0.00,0.47,0.43,5
303,0.46,0.41,0.45,0.23,0.50,0.00,0.48,0.22,5
724,0.40,0.39,0.60,0.23,0.50,0.00,0.52,0.31,5
522,0.52,0.47,0.58,0.18,0.50,0.00,0.34,0.11,3
522,0.52,0.47,0.58,0.18,0.50,0.00,0.34,0.11,3
1029,0.50,0.45,0.51,0.19,0.50,0.00,0.53,0.25,3
382,0.57,0.55,0.51,0.18,0.50,0.00,0.51,0.43,5
208,0.44,0.43,0.46,0.28,0.50,0.00,0.45,0.29,5
1189,0.46,0.50,0.50,0.28,0.50,0.00,0.50,0.37,5
100,0.66,0.65,0.54,0.40,0.50,0.00,0.51,0.22,1
1007,0.77,0.73,0.49,0.46,0.50,0.00,0.38,0.22,1
772,0.38,0.58,0.46,0.21,0.50,0.00,0.52,0.22,5
315,0.32,0.68,0.51,0.16,0.50,0.83,0.55,0.22,2
779,0.27,0.46,0.52,0.17,0.50,0.00,0.49,0.44,5
1453,0.52,0.45,0.45,0.13,0.50,0.00,0.48,0.22,5
393,0.37,0.29,0.45,0.15,0.50,0.00,0.49,0.22,5
441,0.37,0.48,0.67,0.37,0.50,0.00,0.56,0.62,5
1022,0.44,0.59,0.54,0.18,0.50,0.00,0.49,0.22,5
1416,0.48,0.65,0.36,0.24,0.50,0.00,0.54,0.31,5
1195,0.59,0.49,0.45,0.22,0.50,0.00,0.45,0.31,5
946,0.73,0.52,0.59,0.25,0.50,0.00,0.51,0.22,5
1083,0.50,0.43,0.50,0.17,0.50,0.00,0.46,0.47,5
34,0.23,0.13,0.51,0.16,0.50,0.00,0.53,0.51,5
1070,0.49,0.60,0.54,0.35,0.50,0.00,0.53,0.46,5
975,0.52,0.31,0.56,0.16,0.50,0.00,0.55,0.22,5
465,0.49,0.48,0.51,0.21,0.50,0.00,0.53,0.22,5
468,0.49,0.60,0.42,0.18,0.50,0.00,0.58,0.28,5
1312,0.60,0.62,0.54,0.11,0.50,0.00,0.51,0.22,5
672,0.55,0.47,0.53,0.20,0.50,0.00,0.40,0.22,5
1328,0.47,0.32,0.51,0.24,0.50,0.00,0.54,0.27,5
1137,0.53,0.25,0.59,0.27,0.50,0.00,0.45,0.26,5
234,0.31,0.50,0.54,0.32,0.50,0.00,0.53,0.31,5
891,0.25,0.33,0.48,0.18,0.50,0.00,0.42,0.33,5
1269,0.55,0.46,0.47,0.15,0.50,0.00,0.47,0.22,7
613,0.61,0.50,0.61,0.21,0.50,0.00,0.55,0.54,3
837,0.50,0.52,0.51,0.22,0.50,0.00,0.46,0.37,3
375,0.62,0.33,0.49,0.24,0.50,0.00,0.51,0.42,3
1191,0.56,0.52,0.46,0.17,0.50,0.00,0.49,0.73,3
482,0.52,0.56,0.55,0.16,0.50,0.00,0.53,0.39,3
214,0.53,0.48,0.51,0.18,0.50,0.00,0.52,0.27,3
148,0.51,0.48,0.51,0.19,0.50,0.00,0.51,0.27,3
409,0.51,0.48,0.51,0.26,0.50,0.00,0.51,0.27,3
233,0.53,0.48,0.51,0.18,0.50,0.00,0.51,0.27,3
331,0.60,0.46,0.51,0.10,0.50,0.00,0.48,0.31,3
1001,0.60,0.46,0.51,0.10,0.50,0.00,0.48,0.31,3
79,0.44,0.39,0.63,0.11,0.50,0.00,0.49,0.26,5
675,0.51,0.50,0.49,0.45,0.50,0.00,0.48,0.22,10
1410,0.45,0.45,0.51,0.30,0.50,0.00,0.48,0.44,3
1024,0.38,0.42,0.47,0.12,0.50,0.00,0.47,0.53,5
1236,0.19,0.66,0.60,0.14,0.50,0.00,0.20,0.25,5
1192,0.41,0.42,0.23,0.16,0.50,0.00,0.40,0.22,7
1237,0.25,0.42,0.21,0.14,0.50,0.00,0.41,0.22,7
1063,0.70,0.58,0.53,0.39,0.50,0.00,0.59,0.22,1
856,0.49,0.31,0.43,0.24,0.50,0.00,0.54,0.22,7
1258,0.46,0.41,0.43,0.18,0.50,0.00,0.54,0.22,7
193,0.83,0.81,0.45,0.38,0.50,0.00,0.40,0.26,1
545,0.38,0.51,0.56,0.21,0.50,0.00,0.48,0.31,5
1335,0.32,0.36,0.28,0.38,0.50,0.00,0.50,0.40,7
769,0.40,0.65,0.38,0.17,0.50,0.00,0.57,0.22,7
929,0.36,0.37,0.63,0.25,0.50,0.00,0.30,0.22,3
783,0.49,0.55,0.41,0.19,0.50,0.00,0.48,0.31,7
1426,0.30,0.45,0.55,0.19,0.50,0.00,0.53,0.40,3
765,0.88,0.72,0.32,0.30,0.50,0.00,0.52,0.33,6
1054,0.44,0.40,0.53,0.19,0.50,0.00,0.48,0.27,3
330,0.45,0.57,0.52,0.21,0.50,0.00,0.54,0.38,5
1351,0.46,0.61,0.38,0.35,0.50,0.00,0.49,0.22,7
603,0.55,0.41,0.67,0.61,0.50,0.00,0.49,0.14,10
461,0.28,0.18,0.72,0.26,0.50,0.00,0.49,0.25,10
115,0.66,0.65,0.53,0.17,0.50,0.00,0.47,0.66,5
685,0.36,0.50,0.39,0.23,0.50,0.00,0.50,0.22,7
948,0.48,0.54,0.56,0.29,0.50,0.00,0.51,0.43,5
1450,0.33,0.37,0.49,0.22,0.50,0.00,0.55,0.22,3
819,0.58,0.43,0.32,0.11,0.50,0.00,0.49,0.22,4
639,0.58,0.64,0.42,0.30,0.50,0.00,0.54,0.22,5
1306,0.74,0.82,0.46,0.24,0.50,0.00,0.50,0.31,1
406,0.74,0.82,0.46,0.24,0.50,0.00,0.48,0.22,1
1395,0.75,0.76,0.58,0.22,0.50,0.00,0.49,0.22,1
622,0.58,0.37,0.58,0.16,0.50,0.00,0.51,0.22,5
1071,0.39,0.39,0.65,0.16,0.50,0.00,0.45,0.22,3
440,0.51,0.59,0.55,0.21,0.50,0.00,0.52,0.22,3
178,0.41,0.35,0.60,0.22,0.50,0.00,0.56,0.79,3
1367,0.43,0.28,0.41,0.32,0.50,0.00,0.52,0.22,7
1223,0.41,0.49,0.55,0.13,0.50,0.00,0.55,0.22,3
1175,0.23,0.29,0.46,0.00,0.50,0.00,0.43,0.31,3
973,0.25,0.48,0.45,0.32,0.50,0.00,0.40,0.22,3
1430,0.38,0.34,0.55,0.44,0.50,0.00,0.48,0.26,3
71,0.61,0.54,0.54,0.38,0.50,0.00,0.54,0.29,10
760,0.48,0.17,0.37,0.33,0.50,0.00,0.44,0.36,5
1404,0.47,0.47,0.50,0.19,0.50,0.00,0.51,0.26,5
630,0.55,0.38,0.52,0.16,0.50,0.00,0.49,0.64,5
1303,0.41,0.39,0.61,0.17,0.50,0.00,0.50,0.61,5
742,0.41,0.56,0.53,0.16,0.50,0.00,0.55,0.26,5
1353,0.78,0.73,0.27,0.28,0.50,0.00,0.56,0.22,6
437,0.31,0.51,0.38,0.18,0.50,0.00,0.46,0.31,7
832,0.63,0.64,0.49,0.20,0.50,0.00,0.52,0.25,3
1183,0.31,0.40,0.31,0.17,0.50,0.00,0.52,0.22,7
805,0.44,0.65,0.49,0.16,0.50,0.00,0.48,0.31,5
86,0.48,0.44,0.46,0.37,0.50,0.00,0.46,0.36,3
378,0.50,0.49,0.46,0.22,0.50,0.00,0.53,0.25,3
983,0.62,0.42,0.47,0.16,0.50,0.00,0.52,0.22,3
512,0.50,0.45,0.52,0.18,0.50,0.00,0.52,0.22,3
1378,0.59,0.51,0.47,0.21,0.50,0.00,0.47,0.22,3
278,0.39,0.47,0.49,0.20,0.50,0.00,0.53,0.26,3
902,0.49,0.48,0.52,0.24,0.50,0.00,0.50,0.22,3
360,0.59,0.48,0.49,0.42,0.50,0.00,0.52,0.22,3
550,0.57,0.35,0.50,0.43,0.50,0.00,0.53,0.22,3
1364,0.61,0.52,0.50,0.44,0.50,0.00,0.53,0.22,3
304,0.49,0.51,0.52,0.13,0.50,0.00,0.51,0.33,5
1342,0.45,0.40,0.56,0.15,0.50,0.00,0.52,0.22,5
43,0.63,0.43,0.48,0.11,0.50,0.00,0.51,0.22,3
43,0.63,0.43,0.48,0.11,0.50,0.00,0.51,0.22,3
734,0.52,0.45,0.53,0.34,0.50,0.00,0.52,0.44,3
1028,0.54,0.48,0.55,0.33,0.50,0.00,0.55,0.40,3
642,0.55,0.79,0.45,0.25,0.50,0.00,0.51,0.22,5
222,0.58,0.51,0.63,0.20,0.50,0.00,0.50,0.42,5
1081,0.63,0.58,0.57,0.10,0.50,0.00,0.52,0.33,5
1358,0.54,0.67,0.56,0.15,0.50,0.00,0.57,0.33,5
170,0.41,0.59,0.65,0.14,0.50,0.00,0.49,0.33,5
663,0.47,0.38,0.50,0.15,0.50,0.00,0.49,0.47,5
1334,0.33,0.17,0.52,0.13,0.50,0.00,0.51,0.75,5
896,0.42,0.50,0.59,0.17,0.50,0.00,0.51,0.22,3
941,0.54,0.55,0.55,0.40,0.50,0.00,0.53,0.22,3
160,0.31,0.31,0.57,0.15,0.50,0.00,0.50,0.22,3
1131,0.38,0.42,0.50,0.19,0.50,0.00,0.44,0.22,3
486,0.33,0.36,0.62,0.26,0.50,0.00,0.55,0.22,3
1131,0.38,0.42,0.50,0.19,0.50,0.00,0.44,0.22,3
324,0.47,0.56,0.58,0.19,0.50,0.00,0.44,0.64,3
858,0.32,0.32,0.52,0.18,0.50,0.00,0.48,0.34,3
686,0.28,0.27,0.50,0.14,0.50,0.00,0.50,0.28,3
1162,0.41,0.46,0.57,0.25,0.50,0.00,0.57,0.38,3
1056,0.44,0.54,0.51,0.16,0.50,0.00,0.58,0.22,3
553,0.44,0.55,0.51,0.16,0.50,0.00,0.60,0.22,3
150,0.77,0.70,0.44,0.29,0.50,0.00,0.56,0.22,6
836,0.40,0.56,0.53,0.15,0.50,0.00,0.49,0.22,3
26,0.79,0.79,0.42,0.26,0.50,0.00,0.60,0.22,6
1112,0.80,0.83,0.43,0.24,0.50,0.00,0.54,0.22,6
415,0.58,0.55,0.51,0.13,0.50,0.00,0.52,0.22,3
1435,0.55,0.69,0.51,0.12,0.50,0.00,0.51,0.22,3
841,0.47,0.46,0.53,0.12,0.50,0.00,0.51,0.25,5
1085,0.57,0.29,0.63,0.22,0.50,0.00,0.49,0.27,5
1290,0.52,0.49,0.59,0.21,0.50,0.00,0.47,0.22,5
1336,0.41,0.42,0.53,0.17,0.50,0.00,0.48,0.58,5
1391,0.45,0.36,0.50,0.19,0.50,0.00,0.53,0.70,5
255,0.53,0.51,0.54,0.21,0.50,0.00,0.45,0.22,5
1385,0.49,0.50,0.42,0.43,0.50,0.00,0.50,0.36,4
353,0.44,0.49,0.49,0.27,0.50,0.00,0.52,0.22,3
947,0.25,0.26,0.53,0.17,0.50,0.00,0.45,0.22,3
1346,0.49,0.46,0.54,0.18,0.50,0.00,0.35,0.22,3
182,0.42,0.37,0.54,0.17,0.50,0.00,0.51,0.22,3
199,0.42,0.45,0.75,0.21,0.50,0.00,0.48,0.22,3
1263,0.39,0.45,0.75,0.17,0.50,0.00,0.51,0.22,3
1202,0.63,0.54,0.53,0.27,0.50,0.00,0.49,0.22,3
1168,0.54,0.43,0.48,0.27,0.50,0.00,0.44,0.41,3
286,0.40,0.44,0.50,0.13,0.50,0.00,0.52,0.39,3
181,0.55,0.39,0.39,0.47,0.50,0.00,0.50,0.83,7
41,0.59,0.48,0.41,0.53,0.50,0.00,0.48,0.56,7
727,0.49,0.38,0.49,0.15,0.50,0.00,0.53,0.25,5
1403,0.53,0.45,0.52,0.29,0.50,0.00,0.55,0.38,10
682,0.62,0.60,0.54,0.22,0.50,0.00,0.54,0.27,3
774,0.33,0.46,0.53,0.12,0.50,0.00,0.50,0.27,3
238,0.57,0.36,0.51,0.25,0.50,0.00,0.54,0.25,3
1140,0.45,0.76,0.51,0.25,0.50,0.00,0.59,0.22,3
93,0.48,0.44,0.51,0.24,0.50,0.00,0.49,0.22,3
1142,0.59,0.64,0.44,0.26,0.50,0.00,0.50,0.22,3
966,0.79,0.56,0.53,0.19,0.50,0.00,0.47,0.35,3
1272,0.50,0.50,0.48,0.34,0.50,0.00,0.52,0.27,5
987,0.79,0.62,0.35,0.35,0.50,0.00,0.60,0.28,8
405,0.52,0.50,0.60,0.20,0.50,0.00,0.52,0.22,3
207,0.59,0.46,0.57,0.17,0.50,0.00,0.52,0.22,3
535,0.53,0.42,0.53,0.19,0.50,0.00,0.47,0.22,3
1282,0.59,0.46,0.55,0.17,0.50,0.00,0.52,0.25,3
273,0.61,0.73,0.50,0.58,0.50,0.00,0.50,0.22,10
557,0.50,0.43,0.56,0.17,0.50,0.00,0.35,0.22,5
341,0.36,0.52,0.61,0.33,0.50,0.00,0.52,0.37,5
800,0.66,0.54,0.53,0.17,0.50,0.00,0.54,0.22,3
1174,0.52,0.51,0.48,0.12,0.50,0.00,0.54,0.31,3
297,0.56,0.46,0.51,0.25,0.50,0.00,0.54,0.22,3
58,0.47,0.46,0.49,0.27,0.50,0.00,0.59,0.22,3
1179,0.50,0.46,0.49,0.27,0.50,0.00,0.60,0.22,3
1118,0.43,0.48,0.36,0.26,0.50,0.00,0.52,0.22,7
688,0.50,0.44,0.57,0.28,0.50,0.00,0.57,0.22,3
1442,0.46,0.47,0.62,0.30,0.50,0.00,0.38,0.22,3
1053,0.59,0.70,0.46,0.19,0.50,0.00,0.54,0.44,3
591,0.19,0.41,0.55,0.13,0.50,0.00,0.52,0.25,3
414,0.27,0.43,0.50,0.13,0.50,0.00,0.54,0.31,3
820,0.42,0.46,0.44,0.17,0.50,0.00,0.51,0.42,3
757,0.49,0.36,0.47,0.28,0.50,0.00,0.56,0.54,5
169,0.42,0.51,0.33,0.16,0.50,0.00,0.54,0.22,7
283,0.34,0.42,0.48,0.19,0.50,0.00,0.46,0.31,5
70,0.60,0.57,0.63,0.22,0.50,0.00,0.50,0.49,5
451,0.53,0.44,0.54,0.52,0.50,0.00,0.49,0.38,5
1049,0.48,0.39,0.56,0.23,0.50,0.00,0.60,0.22,3
227,0.56,0.49,0.47,0.13,0.50,0.00,0.52,0.22,5
436,0.47,0.59,0.56,0.09,0.50,0.00,0.50,0.22,3
1437,0.40,0.28,0.58,0.44,0.50,0.00,0.41,0.22,3
1273,0.54,0.35,0.55,0.19,0.50,0.00,0.30,0.22,3
739,0.50,0.47,0.45,0.14,0.50,0.00,0.53,0.32,7
853,0.55,0.49,0.60,0.18,0.50,0.00,0.51,0.22,5
821,0.55,0.44,0.50,0.09,0.50,0.00,0.55,0.22,4
1016,0.66,0.37,0.60,0.25,0.50,0.00,0.69,0.22,10
899,0.51,0.49,0.48,0.55,0.50,0.00,0.52,0.58,3
1110,0.36,0.51,0.51,0.17,0.50,0.00,0.52,0.22,4
972,0.68,0.68,0.35,0.16,0.50,0.00,0.62,0.22,4
847,0.44,0.35,0.55,0.14,0.50,0.00,0.52,0.22,4
1178,0.73,0.59,0.35,0.15,0.50,0.00,0.54,0.22,4
933,0.60,0.37,0.52,0.15,0.50,0.00,0.55,0.26,4
583,0.64,0.61,0.56,0.15,0.50,0.00,0.54,0.22,4
78,0.48,0.58,0.58,0.12,0.50,0.00,0.49,0.22,4
558,0.65,0.58,0.53,0.21,0.50,0.00,0.51,0.22,4
1233,0.48,0.49,0.49,0.26,0.50,0.00,0.39,0.27,4
1100,0.57,0.54,0.32,0.15,0.50,0.00,0.52,0.25,4
720,0.40,0.36,0.32,0.16,0.50,0.00,0.51,0.27,4
173,0.50,0.55,0.52,0.16,0.50,0.00,0.51,0.31,3
502,0.65,0.63,0.47,0.22,0.50,0.00,0.52,0.27,3
463,0.41,0.48,0.51,0.20,0.50,0.00,0.51,0.22,3
712,0.25,0.40,0.54,0.16,0.50,0.00,0.43,0.22,3
294,0.63,0.56,0.52,0.21,0.50,0.00,0.50,0.22,3
395,0.56,0.68,0.42,0.36,0.50,0.00,0.49,0.22,3
571,0.57,0.47,0.48,0.17,0.50,0.00,0.52,0.26,4
568,0.46,0.52,0.51,0.13,0.50,0.00,0.47,0.22,3
1462,0.50,0.40,0.57,0.17,0.50,0.00,0.59,0.22,3
340,0.78,0.71,0.35,0.25,0.50,0.00,0.49,0.22,6
230,0.64,0.56,0.52,0.17,0.50,0.00,0.54,0.47,5
187,1.00,0.80,0.29,0.36,0.50,0.00,0.52,0.22,6
372,0.51,0.39,0.56,0.55,0.50,0.00,0.46,0.64,10
552,0.69,0.66,0.36,0.09,0.50,0.00,0.56,0.22,6
621,0.40,0.45,0.45,0.15,0.50,0.00,0.53,0.48,5
738,0.49,0.53,0.36,0.15,0.50,0.00,0.52,0.27,7
1143,0.39,0.63,0.41,0.27,0.50,0.00,0.49,0.22,7
577,0.45,0.51,0.43,0.22,0.50,0.00,0.57,0.22,5
601,0.77,0.78,0.27,0.37,0.50,0.00,0.49,0.22,6
1459,0.88,0.75,0.41,0.36,0.50,0.00,0.43,0.22,8
1352,0.49,0.49,0.40,0.20,0.50,0.00,0.48,0.26,7
231,0.57,0.53,0.60,0.28,0.50,0.00,0.52,0.45,5
307,0.53,0.52,0.49,0.27,0.50,0.00,0.51,0.22,3
183,0.50,0.47,0.56,0.31,0.50,0.00,0.56,0.26,3
459,0.71,0.79,0.41,0.38,0.50,0.00,0.54,0.22,6
822,0.33,0.49,0.46,0.22,0.50,0.00,0.53,0.33,7
1153,0.47,0.41,0.46,0.18,0.50,0.00,0.53,0.22,7
438,0.45,0.39,0.46,0.29,0.50,0.00,0.42,0.22,10
695,0.59,0.56,0.50,0.48,0.50,0.00,0.46,0.22,10
316,0.32,0.30,0.57,0.38,0.50,0.00,0.50,0.25,5
1008,0.26,0.30,0.37,0.15,0.50,0.00,0.53,0.25,7
702,0.28,0.41,0.46,0.18,0.50,0.00,0.47,0.39,5
81,0.45,0.50,0.43,0.16,0.50,0.00,0.52,0.28,7
1030,0.24,0.25,0.57,0.28,0.50,0.00,0.51,0.11,3
945,0.46,0.61,0.55,0.29,0.50,0.00,0.49,0.22,10
140,0.54,0.44,0.38,0.22,0.50,0.00,0.54,0.30,7
448,0.22,0.53,0.36,0.22,0.50,0.00,0.54,0.31,7
634,0.25,0.41,0.47,0.14,0.50,0.00,0.56,0.68,5
614,0.43,0.41,0.37,0.18,0.50,0.00,0.54,0.31,7
831,0.40,0.44,0.47,0.25,0.50,0.00,0.54,0.56,5
1291,0.46,0.59,0.38,0.12,0.50,0.00,0.50,0.22,7
12,0.80,0.82,0.40,0.31,0.50,0.00,0.57,0.25,6
943,0.29,0.39,0.46,0.36,0.50,0.00,0.51,0.22,5
478,0.40,0.40,0.43,0.19,0.50,0.83,0.48,0.22,2
68,0.57,0.52,0.46,0.20,0.50,0.83,0.52,0.41,2
629,0.43,0.60,0.40,0.12,0.50,0.00,0.49,0.29,7
889,0.56,0.71,0.47,0.21,0.50,0.00,0.52,0.22,10
67,0.65,0.62,0.26,0.33,0.50,0.00,0.55,0.22,7
674,0.77,0.70,0.37,0.12,0.50,0.00,0.49,0.26,6
782,0.47,0.61,0.32,0.27,0.50,0.00,0.50,0.30,7
892,0.71,0.51,0.49,0.23,0.50,0.00,0.30,0.32,8
121,0.59,0.48,0.49,0.49,0.50,0.00,0.36,0.32,3
1384,0.58,0.63,0.52,0.70,0.50,0.00,0.46,0.22,10
1194,0.30,0.68,0.41,0.17,0.50,0.00,0.51,0.22,7
1326,0.74,0.73,0.32,0.20,0.50,0.00,0.55,0.22,6
1456,0.55,0.35,0.36,0.29,0.50,0.00,0.51,0.22,7
791,0.35,0.32,0.31,0.16,0.50,0.00,0.56,0.22,7
322,0.67,0.61,0.39,0.24,0.50,0.00,0.51,0.22,7
1338,0.69,0.57,0.39,0.19,0.50,0.00,0.48,0.39,8
647,0.47,0.41,0.53,0.27,0.50,0.00,0.47,0.25,10
419,0.39,0.56,0.34,0.18,0.50,0.00,0.49,0.22,7
62,0.51,0.38,0.42,0.21,0.50,0.00,0.46,0.34,7
126,0.32,0.45,0.39,0.14,0.50,0.00,0.45,0.22,7
1065,0.75,0.73,0.35,0.33,0.50,0.00,0.49,0.28,6
957,0.54,0.54,0.56,0.18,0.50,0.00,0.46,0.29,5
246,0.71,0.64,0.42,0.28,0.50,0.00,0.43,0.22,1
813,0.28,0.48,0.36,0.16,0.50,0.00,0.53,0.22,7
203,0.58,0.44,0.45,0.32,0.50,0.00,0.52,0.37,5
507,0.52,0.65,0.36,0.26,0.50,0.00,0.44,0.22,7
1123,0.64,0.44,0.56,0.15,0.50,0.00,0.56,0.22,3
1388,0.48,0.58,0.47,0.17,0.50,0.00,0.53,0.74,3
509,0.42,0.71,0.45,0.15,0.50,0.00,0.48,0.22,7
345,0.38,0.37,0.36,0.14,0.50,0.00,0.54,0.22,7
729,0.40,0.40,0.44,0.37,0.50,0.00,0.53,0.25,5
540,0.38,0.56,0.38,0.16,0.50,0.00,0.53,0.22,7
323,0.80,0.79,0.43,0.25,0.50,0.00,0.52,0.22,1
397,0.63,0.65,0.42,0.18,0.50,0.00,0.54,0.27,7
1423,0.47,0.40,0.63,0.19,0.50,0.00,0.52,0.32,5
153,0.83,0.94,0.32,0.21,0.50,0.00,0.51,0.22,6
15,0.61,0.76,0.30,0.16,0.50,0.00,0.45,0.41,7
971,0.33,0.38,0.47,0.14,0.50,0.00,0.51,0.47,5
592,0.38,0.67,0.33,0.17,0.50,0.00,0.51,0.22,7
288,0.39,0.33,0.33,0.23,0.50,0.00,0.47,0.22,7
547,0.50,0.63,0.45,0.13,0.50,0.00,0.45,0.32,7
423,0.20,0.60,0.50,0.29,0.50,0.00,0.51,0.22,7
990,0.29,0.26,0.43,0.17,0.50,0.00,0.55,0.30,7
1198,0.51,0.46,0.41,0.36,0.50,0.00,0.49,0.22,7
164,0.92,0.66,0.52,0.23,0.50,0.00,0.53,0.22,6
338,0.49,0.56,0.37,0.20,0.50,0.00,0.53,0.22,7
876,0.86,0.78,0.34,0.15,0.50,0.00,0.53,0.22,8
635,0.38,0.44,0.57,0.14,0.50,0.00,0.53,0.52,5
745,0.72,0.73,0.41,0.28,0.50,0.00,0.44,0.22,6
817,0.80,0.73,0.47,0.19,0.50,0.00,0.49,0.22,6
431,0.49,0.55,0.35,0.23,0.50,0.00,0.57,0.22,7
863,0.63,0.71,0.44,0.53,0.50,0.00,0.52,0.22,8
113,0.60,0.68,0.30,0.27,0.50,0.00,0.55,0.22,7
1141,0.40,0.43,0.49,0.17,0.50,0.00,0.51,0.36,5
368,0.82,0.63,0.47,0.18,0.50,0.00,0.50,0.22,2
1105,0.77,0.68,0.35,0.19,0.50,0.00,0.53,0.43,6
1411,0.51,0.59,0.46,0.13,0.50,0.00,0.48,0.22,10
359,0.52,0.46,0.34,0.20,0.50,0.00,0.51,0.25,7
237,0.47,0.50,0.60,0.63,0.50,0.00,0.38,0.16,3
1405,0.34,0.24,0.51,0.15,0.50,0.00,0.54,0.40,5
849,0.35,0.29,0.46,0.14,0.50,0.00,0.54,0.66,5
840,0.58,0.67,0.49,0.16,0.50,0.00,0.47,0.28,10
1109,0.85,0.85,0.30,0.31,0.50,0.00,0.55,0.42,6
1454,0.36,0.48,0.61,0.26,0.50,0.00,0.50,0.16,5
500,0.41,0.25,0.59,0.44,0.50,0.00,0.60,0.69,5
358,0.30,0.37,0.40,0.45,0.50,0.00,0.48,0.41,7
75,0.57,0.59,0.49,0.86,0.50,0.00,0.47,0.22,5
119,0.38,0.40,0.39,0.19,0.50,0.00,0.46,0.62,5
76,0.77,0.74,0.37,0.29,0.50,0.00,0.45,0.22,6
781,0.47,0.38,0.58,0.19,0.50,0.00,0.57,0.22,3
1389,0.50,0.61,0.44,0.20,0.50,0.00,0.49,0.22,10
1246,0.41,0.45,0.46,0.23,0.50,0.00,0.50,0.70,3
985,0.46,0.62,0.46,0.54,0.50,0.00,0.51,0.27,10
1297,0.74,0.75,0.45,0.44,0.50,0.00,0.52,0.22,2
1091,0.52,0.53,0.58,0.69,0.50,0.00,0.50,0.22,10
961,0.41,0.47,0.50,0.14,0.50,0.00,0.53,0.37,5
42,0.25,0.40,0.52,0.15,0.50,0.00,0.56,0.28,5
220,0.58,0.56,0.38,0.39,0.50,0.00,0.54,0.57,5
124,0.32,0.29,0.29,0.08,0.50,0.00,0.52,0.22,7
128,0.38,0.48,0.57,0.30,0.50,0.00,0.41,0.11,3
344,0.39,0.58,0.47,0.18,0.50,0.00,0.48,0.22,10
111,0.38,0.47,0.47,0.18,0.50,0.00,0.44,0.26,10
483,0.63,0.57,0.50,0.48,0.50,0.00,0.51,0.22,10
334,0.51,0.45,0.62,0.25,0.50,0.00,0.59,0.22,10
471,0.59,0.67,0.54,0.19,0.50,0.00,0.48,0.60,5
494,0.60,0.61,0.54,0.11,0.50,0.00,0.46,0.22,3
627,0.48,0.61,0.57,0.17,0.50,0.00,0.45,0.22,3
615,0.71,0.50,0.50,0.18,0.50,0.00,0.46,0.22,3
1339,0.61,0.48,0.54,0.25,0.50,0.00,0.50,0.22,3
868,0.38,0.32,0.64,0.41,0.50,0.00,0.44,0.11,3
574,0.38,0.40,0.66,0.35,0.50,0.00,0.43,0.11,3
117,0.81,0.62,0.43,0.17,0.50,0.00,0.53,0.22,8
1084,0.47,0.43,0.61,0.40,0.50,0.00,0.48,0.47,5
228,0.67,0.57,0.36,0.19,0.50,0.00,0.56,0.22,8
166,0.43,0.40,0.60,0.16,0.50,0.00,0.53,0.39,5
73,0.65,0.54,0.54,0.13,0.50,0.00,0.53,0.22,3
